[[ 0.61565669 -0.36558825 -0.30962797  0.35727175  0.10337143 -0.07636509
   0.10581396 -0.0992527   0.0761067  -0.00218434]]
[[ 0.64486195 -0.32557987 -0.34979872  0.31647501  0.06165276 -0.03158947
   0.06843621 -0.14456493  0.12049595  0.03476093]]
[[ 0.67293225 -0.28540126 -0.38766917  0.27533549  0.0200845   0.01424912
   0.03119981 -0.18818543  0.16434454  0.07116925]]
[[ 0.69979171 -0.24591566 -0.42124448  0.23434251 -0.0208155   0.06136479
  -0.00434943 -0.22912398  0.20854697  0.10685978]]
[[ 0.72563822 -0.20695006 -0.4484622   0.19384834 -0.06080299  0.10763692
  -0.03700834 -0.26811108  0.25249811  0.14190444]]
[[ 0.75057265 -0.16819273 -0.46938284  0.1537862  -0.10006771  0.15333002
  -0.06507754 -0.305929    0.29576414  0.17643256]]
[[ 0.77458763 -0.12972057 -0.48525555  0.11394557 -0.13866382  0.19861747
  -0.08754956 -0.34287898  0.33784854  0.21038561]]
[[ 0.79761116 -0.09177397 -0.49763737  0.07396709 -0.17657309  0.24323893
  -0.10531637 -0.37918412  0.37716544  0.24358896]]
[[ 0.8193248  -0.0556593  -0.50840794  0.0339306  -0.21356775  0.28621136
  -0.12043302 -0.41451941  0.41013928  0.27566152]]
[[ 0.83936607 -0.02306458 -0.51765625 -0.00550221 -0.24911002  0.32676672
  -0.13441195 -0.44842428  0.43492799  0.30608836]]
[[ 0.85738647  0.00438397 -0.52498611 -0.04287648 -0.28234459  0.36423257
  -0.14777516 -0.48022451  0.45269276  0.33427428]]
[[ 0.87336614  0.02575422 -0.53011733 -0.07608076 -0.31261002  0.39856457
  -0.15971713 -0.50925296  0.46687919  0.35995652]]
[[ 0.88760013  0.0407041  -0.53318457 -0.1023936  -0.339482    0.43030012
  -0.16713143 -0.53482278  0.48305544  0.38320318]]
[[ 0.90055858  0.05012853 -0.53493765 -0.12135992 -0.36304889  0.45996198
  -0.16878076 -0.55732641  0.50349595  0.40434228]]
[[ 0.9125814   0.05503818 -0.53633106 -0.13424795 -0.38396732  0.48771002
  -0.16541929 -0.57752854  0.52702047  0.42392661]]
[[ 0.9237659   0.05653003 -0.5380172  -0.14275643 -0.40291396  0.51345157
  -0.1595761  -0.59621503  0.55130957  0.44228968]]
[[ 0.93402593  0.05578769 -0.54010423 -0.14901804 -0.42056557  0.53713237
  -0.15663707 -0.61421571  0.5711833   0.4595667 ]]
[[ 0.94319438  0.05355392 -0.54224234 -0.15506227 -0.43744255  0.55882422
  -0.16162114 -0.63169492  0.57869119  0.47572507]]
[[ 0.9512418   0.05017235 -0.54330997 -0.16183854 -0.45376214  0.57907007
  -0.17299283 -0.64851646  0.57431358  0.49073215]]
[[ 0.95818513  0.0453328  -0.54301387 -0.1688634  -0.46936826  0.59869984
  -0.18614945 -0.66417976  0.56290991  0.50457695]]
[[ 0.96419197  0.03778831 -0.54231526 -0.17429437 -0.48393359  0.61787243
  -0.19292242 -0.67797536  0.55253613  0.51732145]]
[[ 0.96949371  0.02610777 -0.54373806 -0.17552534 -0.49717922  0.6357198
  -0.1858325  -0.68961123  0.55242599  0.52898293]]
[[ 0.97433629  0.00999241 -0.55019461 -0.17168992 -0.50903925  0.65081666
  -0.16901547 -0.69890686  0.56162583  0.53960749]]
[[ 0.97889537 -0.01003823 -0.56242345 -0.16351352 -0.51981934  0.66235827
  -0.14670492 -0.70608266  0.57614325  0.54938377]]
[[ 0.98321492 -0.03241539 -0.57831119 -0.15253881 -0.52991949  0.67029843
  -0.12328184 -0.71206122  0.59136428  0.55845283]]
[[ 0.98722887 -0.05482382 -0.59500951 -0.14104933 -0.53969767  0.67526914
  -0.10556479 -0.71781663  0.60132532  0.56689836]]
[[ 0.99086579 -0.07571311 -0.60996753 -0.13098385 -0.54925719  0.67843454
  -0.09644146 -0.7236802   0.60343411  0.57480746]]
[[ 0.99413872 -0.09539694 -0.62241753 -0.12222247 -0.55843159  0.68110282
  -0.09089779 -0.72943595  0.60196269  0.58227905]]
[[ 0.99704855 -0.1152637  -0.63320849 -0.11317079 -0.56682146  0.68483654
  -0.08205329 -0.73454618  0.60239864  0.58943113]]
[[ 0.99961528 -0.13658405 -0.64366062 -0.10245783 -0.57430207  0.68992458
  -0.06684808 -0.73851015  0.60772066  0.5962542 ]]
[[ 1.00187327 -0.16006245 -0.65503413 -0.08943211 -0.5810335   0.69528391
  -0.04615063 -0.74102562  0.61729535  0.60260786]]
[[ 1.00390755 -0.18513409 -0.66761477 -0.07500061 -0.58731451  0.69918712
  -0.02470003 -0.74246887  0.62804105  0.60836349]]
[[ 1.00581276 -0.21078836 -0.68136905 -0.06064885 -0.59347732  0.70041127
  -0.00963585 -0.74334103  0.63578225  0.61354421]]
[[ 1.0076452  -0.23636409 -0.6963178  -0.04736874 -0.59961262  0.69855893
  -0.00457375 -0.74391947  0.63850541  0.61826338]]
[[ 1.00945493 -0.26133016 -0.71213788 -0.03526556 -0.60555913  0.69421491
  -0.00813027 -0.74444883  0.63681203  0.6227787 ]]
[[ 1.01127585 -0.28514246 -0.7279003  -0.02345694 -0.61097158  0.6885632
  -0.01626302 -0.74490793  0.63275371  0.62740294]]
[[ 1.01311496 -0.30725857 -0.74187895 -0.01063972 -0.61566476  0.68266999
  -0.02374546 -0.74542182  0.62921657  0.63227033]]
[[ 1.01487515 -0.32689906 -0.75188847  0.00402994 -0.61936971  0.67820376
  -0.0266867  -0.74636926  0.62768643  0.6373835 ]]
[[ 1.0164798  -0.34385264 -0.75762846  0.02040894 -0.6221348   0.67574901
  -0.0244495  -0.74784879  0.62841394  0.64255141]]
[[ 1.01788559 -0.35884497 -0.76017728  0.03779505 -0.62428339  0.67445498
  -0.01862538 -0.74954035  0.63047594  0.64747247]]
[[ 1.01910389 -0.37267228 -0.76096647  0.0540429  -0.62626274  0.67273228
  -0.01551592 -0.75145497  0.63139339  0.65189515]]
[[ 1.02021401 -0.38674079 -0.76227528  0.06749335 -0.62849658  0.66898292
  -0.02054544 -0.75309527  0.62932976  0.65576043]]
[[ 1.02126722 -0.40197745 -0.76590001  0.07744294 -0.63116669  0.66232681
  -0.03392626 -0.75403187  0.62364007  0.65915279]]
[[ 1.02231259 -0.4185486  -0.77215324  0.08425447 -0.63417503  0.65288002
  -0.05332713 -0.75422859  0.61474947  0.66230133]]
[[ 1.02339493 -0.43647659 -0.78077065  0.08986625 -0.63716335  0.64136282
  -0.07433381 -0.75345578  0.60507779  0.6654928 ]]
[[ 1.0245588  -0.45478951 -0.79045606  0.09694058 -0.63986271  0.62900802
  -0.08920279 -0.75222101  0.59853119  0.66888476]]
[[ 1.02568753 -0.47149421 -0.79909833  0.10695624 -0.64178239  0.6181046
  -0.09305311 -0.75151075  0.59669079  0.67257356]]
[[ 1.02669214 -0.4857302  -0.80571731  0.11969612 -0.64282508  0.60969708
  -0.08730716 -0.75170161  0.59925289  0.67639566]]
[[ 1.02752585 -0.49722554 -0.80979181  0.13370362 -0.64324511  0.60326102
  -0.07625657 -0.7526493   0.60416114  0.6800865 ]]
[[ 1.02816048 -0.50638608 -0.81151192  0.14544473 -0.64351768  0.59734154
  -0.06783504 -0.7541763   0.60744043  0.68338585]]
[[ 1.02869295 -0.51564356 -0.81283815  0.15300387 -0.64424958  0.58967538
  -0.06750008 -0.75513     0.60717969  0.68615514]]
[[ 1.02919462 -0.52659382 -0.81550674  0.15587827 -0.64573503  0.5790427
  -0.07543551 -0.7547332   0.60288612  0.68848241]]
[[ 1.02973985 -0.53978586 -0.81992645  0.15523531 -0.64783505  0.56532966
  -0.08959877 -0.75288933  0.59514741  0.69059431]]
[[ 1.03038832 -0.55538563 -0.82595493  0.15349561 -0.65008128  0.5490852
  -0.10666097 -0.74953942  0.58588069  0.69276921]]
[[ 1.03118103 -0.57180629 -0.8323335   0.15338081 -0.65210469  0.53150544
  -0.12246671 -0.74547657  0.57787131  0.69514905]]
[[ 1.03190689 -0.58592642 -0.83680574  0.15611368 -0.65329716  0.51539914
  -0.1339978  -0.74232509  0.57229217  0.6978621 ]]
[[ 1.03245337 -0.59693172 -0.83917127  0.16126525 -0.65360598  0.5021316
  -0.14006846 -0.74051829  0.56951416  0.7007258 ]]
[[ 1.03277701 -0.60516618 -0.83993425  0.16783482 -0.65337064  0.49157106
  -0.1412195  -0.7398301   0.5692268   0.70350477]]
[[ 1.03282467 -0.61085525 -0.83942556  0.17230718 -0.65309133  0.48272602
  -0.14250466 -0.74001399  0.56855916  0.70598423]]
[[ 1.03268133 -0.61616245 -0.8389916   0.17224486 -0.65357126  0.47321678
  -0.1485214  -0.73975384  0.56578421  0.70794882]]
[[ 1.03239987 -0.62229302 -0.83979385  0.16669876 -0.65527307  0.46176709
  -0.160454   -0.73834862  0.5599289   0.70946956]]
[[ 1.03207135 -0.6294622  -0.8417439   0.15664612 -0.65806828  0.44811468
  -0.17733602 -0.73589054  0.5510075   0.71074675]]
[[ 1.03178932 -0.63789125 -0.84477591  0.14422194 -0.66149885  0.43255333
  -0.19648696 -0.73228201  0.54044128  0.71200144]]
[[ 1.03160851 -0.64768224 -0.84841266  0.13336363 -0.66493371  0.41609915
  -0.21393751 -0.72791486  0.53135454  0.71339741]]
[[ 1.0312055  -0.65612115 -0.85086852  0.1262922  -0.66742155  0.4016511
  -0.22672204 -0.72447838  0.52526549  0.71512086]]
[[ 1.0304097  -0.66257494 -0.8519817   0.12294487 -0.66877054  0.39023726
  -0.23428566 -0.72219241  0.52248272  0.71699983]]
[[ 1.02910301 -0.66736515 -0.8520033   0.12249583 -0.66935156  0.38151743
  -0.23775202 -0.72076944  0.52260744  0.71883915]]
[[ 1.02740295 -0.67039905 -0.85097758  0.1215842  -0.66973277  0.37437088
  -0.24105344 -0.72005011  0.52254119  0.72048035]]
[[ 1.02573782 -0.6741323  -0.85032355  0.11843547 -0.6707972   0.36588174
  -0.24743207 -0.71849692  0.52064773  0.72176013]]
[[ 1.02431384 -0.68001856 -0.85124167  0.11251305 -0.67292915  0.35486263
  -0.25750224 -0.71536876  0.51617555  0.72283833]]
[[ 1.02330429 -0.68816002 -0.8534125   0.10475705 -0.67580979  0.34117283
  -0.27070605 -0.71082779  0.50918349  0.72389051]]
[[ 1.02256617 -0.6977683  -0.85631627  0.09603781 -0.67894911  0.32542856
  -0.28575955 -0.70509455  0.50055413  0.72502773]]
[[ 1.02183879 -0.70810053 -0.8592773   0.08863063 -0.6819511   0.30904885
  -0.3003703  -0.69870498  0.4927152   0.72631938]]
[[ 1.02057412 -0.71651252 -0.86084145  0.08390168 -0.68409144  0.29540994
  -0.31185895 -0.69371446  0.48712979  0.72791437]]
[[ 1.01838575 -0.72281637 -0.86152174  0.08175327 -0.68537404  0.28549667
  -0.31884691 -0.69020303  0.48460403  0.72961318]]
[[ 1.01501859 -0.72802083 -0.8620704   0.08222553 -0.68623365  0.27887465
  -0.32143792 -0.68758293  0.48562128  0.73123549]]
[[ 1.01109727 -0.73197522 -0.86243384  0.08166355 -0.6870367   0.27447068
  -0.32302476 -0.68570275  0.48685726  0.73267994]]
[[ 1.00743397 -0.73586487 -0.86316981  0.07691982 -0.68875483  0.26995218
  -0.32725047 -0.68337092  0.48616346  0.73375879]]
[[ 1.00429113 -0.74066855 -0.86499401  0.06673101 -0.69193883  0.26457437
  -0.33515087 -0.6801296   0.4824545   0.73462337]]
[[ 1.00204128 -0.74654615 -0.86740822  0.05233624 -0.69618139  0.25796086
  -0.34617342 -0.67624549  0.47565183  0.73544846]]
[[ 1.00070349 -0.75314692 -0.87001183  0.03600047 -0.7006718   0.24964258
  -0.35923488 -0.67152214  0.46646677  0.73631394]]
[[ 1.00022352 -0.76026342 -0.87217047  0.02181759 -0.70455008  0.23962874
  -0.3726227  -0.66582875  0.45697862  0.73730731]]
[[ 1.00012408 -0.7656523  -0.87235582  0.01172748 -0.70693986  0.23048008
  -0.38423331 -0.66116473  0.44838645  0.73862097]]
[[ 0.99933418 -0.76907757 -0.87129326  0.00550247 -0.70798433  0.22322518
  -0.39273409 -0.65758053  0.44180961  0.740043  ]]
[[ 0.99667808 -0.77135907 -0.87024049  0.00396296 -0.70846324  0.21789514
  -0.39724155 -0.65434626  0.43934963  0.74139569]]
[[ 0.99269014 -0.77309122 -0.86973267  0.00464732 -0.70889586  0.2136259
  -0.3995424  -0.6510781   0.43899653  0.742599  ]]
[[ 0.98845796 -0.77586122 -0.87041024  0.00468631 -0.71018151  0.20823166
  -0.40286755 -0.64632251  0.43858943  0.74343184]]
[[ 0.98438505 -0.78064306 -0.87275306  0.00253327 -0.71275222  0.20131127
  -0.40835848 -0.6397928   0.43672797  0.74408124]]
[[ 0.98106184 -0.78701856 -0.87586827 -0.00216729 -0.71614898  0.19284501
  -0.41590872 -0.63226841  0.4325586   0.74470982]]
[[ 0.97830007 -0.79361297 -0.87923649 -0.00921092 -0.71994399  0.18318445
  -0.42457377 -0.62427731  0.42667849  0.74532575]]
[[ 0.97567406 -0.80004769 -0.88252514 -0.01494769 -0.7234738   0.17284843
  -0.43270659 -0.61590973  0.42150789  0.74601135]]
[[ 0.9728963  -0.80442501 -0.8841976  -0.01766701 -0.72580678  0.16428494
  -0.43859542 -0.60946741  0.41777902  0.74702157]]
[[ 0.96947272 -0.80683754 -0.88463409 -0.01761166 -0.72693664  0.15786605
  -0.44187726 -0.60474494  0.41573774  0.74815179]]
[[ 0.96487148 -0.80798704 -0.88444993 -0.01480059 -0.72747398  0.15321201
  -0.44324299 -0.60082451  0.41574108  0.74921787]]
[[ 0.96016507 -0.80820164 -0.88376452 -0.01282446 -0.72784879  0.14912581
  -0.44474188 -0.59713041  0.41478701  0.750127  ]]
[[ 0.95642918 -0.80884235 -0.88323014 -0.01440666 -0.72893448  0.14364867
  -0.44874487 -0.59199093  0.4114018   0.75058083]]
[[ 0.95347985 -0.81120015 -0.88393636 -0.01999721 -0.73126406  0.13686423
  -0.45542734 -0.58489318  0.40543191  0.75078797]]
[[ 0.9516492  -0.81499718 -0.88528225 -0.02927936 -0.73441462  0.12913395
  -0.46383678 -0.57696119  0.39695241  0.75096457]]
[[ 0.95024745 -0.81881951 -0.88690736 -0.04151978 -0.73814996  0.12137702
  -0.47269259 -0.56920428  0.38751567  0.75109725]]
[[ 0.94836116 -0.82241158 -0.88882792 -0.05197021 -0.74187325  0.11412045
  -0.48023996 -0.56177613  0.38039748  0.75128888]]
[[ 0.94574177 -0.82406623 -0.88958778 -0.05885562 -0.74455823  0.10937925
  -0.48480921 -0.55707111  0.37614731  0.75184754]]
[[ 0.9422933  -0.82398665 -0.8893749  -0.06252691 -0.7460716   0.10697727
  -0.48646753 -0.55452632  0.37439041  0.7525536 ]]
[[ 0.93816878 -0.82285445 -0.8884858  -0.06344803 -0.74693035  0.10620193
  -0.48654085 -0.55291438  0.37446848  0.75321035]]
[[ 0.93481026 -0.82079994 -0.88677885 -0.06580441 -0.74752089  0.10555333
  -0.48709434 -0.55155957  0.37267264  0.75370768]]
[[ 0.9331699  -0.81889711 -0.88481774 -0.07169556 -0.74862215  0.10286317
  -0.49024738 -0.54856683  0.36770241  0.75367104]]
[[ 0.93247892 -0.81867561 -0.88404211 -0.07947859 -0.75069313  0.09794117
  -0.49584892 -0.54308255  0.36029257  0.75335949]]
[[ 0.9326489  -0.82005616 -0.88400864 -0.08845466 -0.75323041  0.09109679
  -0.50268773 -0.53626439  0.35107557  0.75301019]]
[[ 0.93287143 -0.82162984 -0.88432639 -0.09860217 -0.75613661  0.08396997
  -0.50957652 -0.52955681  0.34178355  0.7526003 ]]
[[ 0.93209198 -0.82314359 -0.88516146 -0.10561148 -0.759095    0.07763155
  -0.5149997  -0.52336305  0.33596138  0.75224083]]
[[ 0.93007485 -0.82308083 -0.8852181  -0.10854017 -0.76119905  0.07409614
  -0.51730817 -0.52017424  0.33394369  0.75230104]]
[[ 0.92711646 -0.82168656 -0.88456267 -0.10875138 -0.7623238   0.07304703
  -0.51691508 -0.51928076  0.3344696   0.75253899]]
[[ 0.92390401 -0.81962472 -0.88327589 -0.10771441 -0.76292509  0.0736157
  -0.51548271 -0.51926327  0.33590692  0.75273513]]
[[ 0.92189273 -0.81698802 -0.88112868 -0.11029142 -0.76331608  0.07426517
  -0.51486023 -0.51943918  0.33439311  0.75274371]]
[[ 0.92190745 -0.81455872 -0.87849195 -0.11869606 -0.7641638   0.07323567
  -0.51698332 -0.51795778  0.32873949  0.7521166 ]]
[[ 0.92285921 -0.81403928 -0.87699598 -0.1296907  -0.76592652  0.07033164
  -0.52150234 -0.51392537  0.32031501  0.75121171]]
[[ 0.92429337 -0.81541989 -0.87633673 -0.14138514 -0.76804946  0.06554479
  -0.52697357 -0.50841378  0.31049454  0.75029654]]
[[ 0.92566252 -0.81730816 -0.87603021 -0.15360035 -0.77034661  0.06019827
  -0.53244761 -0.50276927  0.30056315  0.74931598]]
[[ 0.92613193 -0.8192442  -0.87618703 -0.16199599 -0.7725656   0.05511146
  -0.53678941 -0.49737293  0.29363258  0.74839482]]
[[ 0.92517131 -0.81981072 -0.87574056 -0.16499638 -0.77386907  0.0520036
  -0.53818182 -0.49469715  0.29086154  0.74795461]]
[[ 0.92293783 -0.81922895 -0.87488226 -0.16378219 -0.77423243  0.05076099
  -0.53697738 -0.49395721  0.29134489  0.74770602]]
[[ 0.91995771 -0.81825767 -0.87379326 -0.15920548 -0.77417798  0.05073602
  -0.53468889 -0.49363984  0.29379116  0.74745785]]
[[ 0.91754466 -0.81719095 -0.8722036  -0.15644326 -0.77400578  0.05054413
  -0.53294063 -0.49320955  0.2943588   0.74706359]]
[[ 0.91692608 -0.81641825 -0.870109   -0.15937362 -0.7743014   0.0486501
  -0.53381633 -0.49090044  0.2909343   0.74594281]]
[[ 0.91719591 -0.81748619 -0.86909633 -0.16432729 -0.77547015  0.04466035
  -0.53701947 -0.48597121  0.28476499  0.74458298]]
[[ 0.9178986  -0.82034429 -0.86888001 -0.16954524 -0.77689497  0.03829015
  -0.54111715 -0.47940069  0.27725717  0.74322223]]
[[ 0.91888803 -0.8237128  -0.86888216 -0.17595321 -0.77824683  0.03078312
  -0.54534493 -0.47243646  0.26897025  0.74173367]]
[[ 0.91956974 -0.82702132 -0.86910114 -0.18043256 -0.7793385   0.02331096
  -0.54884423 -0.4656651   0.26228154  0.74028395]]
[[ 0.91921177 -0.82892268 -0.86856743 -0.18102014 -0.77947282  0.01779773
  -0.54965035 -0.46182096  0.25898946  0.73936155]]
[[ 0.91757682 -0.82960005 -0.86771982 -0.17755325 -0.77881046  0.01447204
  -0.54789567 -0.46016382  0.25919052  0.73867874]]
[[ 0.91478684 -0.82992808 -0.86707117 -0.16890478 -0.77802288  0.01277291
  -0.54484386 -0.45892414  0.26270006  0.73812112]]
[[ 0.91213589 -0.83054405 -0.86640851 -0.16131214 -0.77731752  0.01140556
  -0.54194112 -0.45750817  0.26555245  0.73752519]]
[[ 0.91124961 -0.83153754 -0.8652357  -0.16162591 -0.77715325  0.00944826
  -0.54146507 -0.45437756  0.26435025  0.73608106]]
[[ 0.91148252 -0.8342695  -0.86494996 -0.16662075 -0.77794325  0.00627692
  -0.54337125 -0.44880435  0.25978301  0.73435675]]
[[ 0.91226514 -0.83857753 -0.86529094 -0.17360579 -0.77901793  0.00098561
  -0.54626862 -0.44165586  0.25335897  0.73257146]]
[[ 0.91341572 -0.84323556 -0.86572181 -0.18223378 -0.77994211 -0.00585784
  -0.54947006 -0.43393138  0.2457462   0.73052784]]
[[ 0.9144148  -0.84768761 -0.86624665 -0.1889268  -0.78044433 -0.01347485
  -0.55226163 -0.42613438  0.23914487  0.72845263]]
[[ 0.91452037 -0.85065926 -0.8658236  -0.1917828  -0.77975771 -0.01990478
  -0.55265806 -0.42125799  0.2354397   0.72692448]]
[[ 0.91337373 -0.85221448 -0.86494162 -0.19004016 -0.77812597 -0.02455491
  -0.55067617 -0.41864276  0.235198    0.72562986]]
[[ 0.91081788 -0.85315011 -0.86432788 -0.18035036 -0.77642557 -0.02779111
  -0.54744657 -0.41638395  0.23916264  0.72456814]]
[[ 0.90798303 -0.85425073 -0.86388126 -0.16878739 -0.77493026 -0.03100287
  -0.54432795 -0.41375722  0.24351871  0.72357923]]
[[ 0.90670098 -0.85561084 -0.86293782 -0.16433368 -0.77407689 -0.03503506
  -0.54364789 -0.40912688  0.24405771  0.72155096]]
[[ 0.90661614 -0.85851287 -0.86274577 -0.16478702 -0.77429357 -0.04050719
  -0.54547835 -0.40185873  0.24087342  0.719161  ]]
[[ 0.90714717 -0.86286457 -0.86309474 -0.16818265 -0.77487161 -0.04804064
  -0.54832373 -0.39298611  0.23550718  0.71663443]]
[[ 0.90803376 -0.86749288 -0.8634921  -0.17424852 -0.77543085 -0.05660658
  -0.55139978 -0.38378001  0.22887487  0.71373427]]
[[ 0.90876146 -0.87184071 -0.86398793 -0.17911348 -0.77574128 -0.06525401
  -0.55404369 -0.37492957  0.2232083   0.71079765]]
[[ 0.90859567 -0.87473185 -0.8635788  -0.18089198 -0.77491301 -0.07212511
  -0.55424186 -0.36955375  0.22037837  0.70855654]]
[[ 0.90736085 -0.87620635 -0.8625989  -0.17968035 -0.77313463 -0.07680062
  -0.55214882 -0.3669081   0.22042849  0.70658388]]
[[ 0.90517757 -0.87696337 -0.86160419 -0.1733227  -0.77129226 -0.07982718
  -0.54909866 -0.36490739  0.22331798  0.70480089]]
[[ 0.90292279 -0.87782677 -0.86068648 -0.16632287 -0.76970165 -0.08268573
  -0.5462376  -0.36264439  0.22614737  0.70306529]]
[[ 0.90221466 -0.87890543 -0.85929305 -0.16650005 -0.76881841 -0.08608412
  -0.54569395 -0.35841779  0.22540493  0.70005551]]
[[ 0.90264761 -0.88148548 -0.8586767  -0.17053695 -0.76908719 -0.09099875
  -0.54756241 -0.35150672  0.22125715  0.69672108]]
[[ 0.90352691 -0.88552191 -0.85870154 -0.17588903 -0.76970844 -0.09824777
  -0.55029137 -0.34292457  0.21550813  0.69334024]]
[[ 0.9044836  -0.88981236 -0.85890122 -0.18179774 -0.7703257  -0.10670952
  -0.55305511 -0.33406701  0.20935127  0.68958907]]
[[ 0.90507822 -0.89368861 -0.85930138 -0.18462619 -0.77073912 -0.11533915
  -0.55526965 -0.32566231  0.20485117  0.68581706]]
[[ 0.90435143 -0.89612583 -0.8591561  -0.18189323 -0.76993766 -0.12233097
  -0.55482579 -0.32075389  0.20438144  0.68305721]]
[[ 0.90258732 -0.89722716 -0.85846151 -0.17675986 -0.76806324 -0.12710338
  -0.55215473 -0.31861217  0.20659927  0.68058838]]
[[ 0.90036178 -0.897718   -0.85742593 -0.1703805  -0.76598277 -0.13016879
  -0.54889077 -0.3171903   0.209896    0.67817188]]
[[ 0.89842704 -0.89838308 -0.85618449 -0.16663322 -0.76412774 -0.13294793
  -0.54610179 -0.31558671  0.21181656  0.67561221]]
[[ 0.89819832 -0.89928903 -0.85434262 -0.17141637 -0.7630585  -0.13602998
  -0.5457035  -0.31201367  0.20980522  0.67135103]]
[[ 0.89908196 -0.90171708 -0.85328803 -0.17956649 -0.76324089 -0.14063961
  -0.54767566 -0.30567442  0.20453405  0.66683869]]
[[ 0.90024029 -0.90566905 -0.85300499 -0.18751606 -0.76379    -0.14771967
  -0.55034607 -0.29751091  0.1982797   0.66248657]]
[[ 0.90120945 -0.90991282 -0.85304649 -0.19389041 -0.76435107 -0.15606547
  -0.55284986 -0.28904379  0.19248253  0.65784111]]
[[ 0.90161182 -0.91362165 -0.85338015 -0.1951779  -0.7647654  -0.16455143
  -0.55469644 -0.2810984   0.18900238  0.65322387]]
[[ 0.90030401 -0.91583647 -0.85352489 -0.1883136  -0.76389872 -0.17153852
  -0.55367615 -0.2766796   0.19067857  0.65008765]]
[[ 0.89790533 -0.91678361 -0.85325174 -0.1791091  -0.76190607 -0.1763117
  -0.55046618 -0.27495693  0.19507301  0.64730995]]
[[ 0.89529587 -0.91731383 -0.85250371 -0.17131653 -0.75965275 -0.17941338
  -0.546921   -0.27386133  0.19943002  0.64448611]]
[[ 0.89323227 -0.91823614 -0.85137776 -0.16896608 -0.75762281 -0.18215078
  -0.54405469 -0.27253699  0.20142166  0.64129211]]
[[ 0.89311929 -0.91950061 -0.84947056 -0.17699855 -0.75646586 -0.18485592
  -0.5436798  -0.26923863  0.19893471  0.63577391]]
[[ 0.89421328 -0.92227481 -0.84827257 -0.18887222 -0.75666002 -0.18898369
  -0.54569469 -0.26321294  0.19301902  0.63006377]]
[[ 0.89551716 -0.92652818 -0.84789192 -0.1996807  -0.75721508 -0.19575516
  -0.54833711 -0.25530329  0.18643127  0.62477082]]
[[ 0.89660082 -0.93109171 -0.84789569 -0.2080818  -0.75764625 -0.20409074
  -0.5507283  -0.24702046  0.18049669  0.61931817]]
[[ 0.89708585 -0.93503806 -0.84820587 -0.21060605 -0.75780237 -0.21278385
  -0.55242136 -0.23926109  0.17697618  0.6139962 ]]
[[ 0.89555865 -0.93732102 -0.84858853 -0.2024325  -0.75649645 -0.22021728
  -0.55100632 -0.23512002  0.17961416  0.61075148]]
[[ 0.892726   -0.93816811 -0.84877888 -0.18996397 -0.75403066 -0.22545677
  -0.547246   -0.23362734  0.18578316  0.60804986]]
[[ 0.88953631 -0.93859343 -0.84864499 -0.1779235  -0.75135795 -0.22911204
  -0.54311821 -0.23257324  0.19227578  0.60547873]]
[[ 0.88689915 -0.93959152 -0.84815327 -0.17192772 -0.74896003 -0.23236912
  -0.5396978  -0.23114068  0.19628577  0.60245308]]
[[ 0.88649357 -0.94110109 -0.84665018 -0.17843146 -0.74756019 -0.23514635
  -0.53889149 -0.22768804  0.19515073  0.59622702]]
[[ 0.8875811  -0.94414773 -0.84563052 -0.19104481 -0.74768124 -0.23895065
  -0.54063577 -0.2215642   0.18983472  0.58951686]]
[[ 0.88908173 -0.94862389 -0.84525741 -0.20455611 -0.74824655 -0.24518736
  -0.54314053 -0.21365744  0.18321791  0.58305681]]
[[ 0.89057221 -0.95347806 -0.84516175 -0.21759868 -0.74864555 -0.25302362
  -0.54553392 -0.20539452  0.17651134  0.57638668]]
[[ 0.89168972 -0.95782414 -0.84525837 -0.22706581 -0.74864855 -0.26138638
  -0.54739148 -0.19765955  0.17126106  0.56992377]]
[[ 0.89064717 -0.96039863 -0.84553093 -0.2248145  -0.74694107 -0.26870619
  -0.5460236  -0.19373144  0.17248029  0.56619775]]
[[ 0.88799653 -0.96118142 -0.84582336 -0.21481185 -0.74398423 -0.27393136
  -0.54205393 -0.19249261  0.17845999  0.56339805]]
[[ 0.88454729 -0.96123181 -0.84612467 -0.20058032 -0.7408741  -0.27781868
  -0.53743059 -0.19145082  0.18639691  0.56153999]]
[[ 0.88130684 -0.96174169 -0.84631736 -0.18904181 -0.73809646 -0.28161585
  -0.53336628 -0.18980797  0.19293133  0.55970792]]
[[ 0.88032353 -0.96281566 -0.84541132 -0.18957219 -0.736469   -0.2850514
  -0.53202272 -0.18586921  0.1942706   0.55392656]]
[[ 0.88103502 -0.96546212 -0.84478091 -0.1975565  -0.7365486  -0.28957374
  -0.53346932 -0.17905837  0.19073614  0.54715833]]
[[ 0.88244049 -0.96956266 -0.84454979 -0.20895749 -0.73720944 -0.29637837
  -0.53591109 -0.1704348   0.18493109  0.54002549]]
[[ 0.88410996 -0.97416084 -0.84438924 -0.22274377 -0.73782962 -0.30447542
  -0.53846889 -0.16155677  0.17799849  0.53228603]]
[[ 0.88569279 -0.97848693 -0.84423557 -0.23639038 -0.73811535 -0.31278123
  -0.54073138 -0.15342672  0.17129247  0.52469357]]
[[ 0.88526608 -0.98122889 -0.84411709 -0.24136518 -0.73657547 -0.31969453
  -0.53989417 -0.14960949  0.17001837  0.52029165]]
[[ 0.88324853 -0.98215183 -0.84395305 -0.23924479 -0.73370885 -0.32423414
  -0.5364264  -0.14881427  0.17331429  0.51682011]]
[[ 0.88008441 -0.98201337 -0.84401819 -0.22896525 -0.73069063 -0.32762578
  -0.5320563  -0.14808305  0.17996205  0.51496968]]
[[ 0.87674744 -0.98204857 -0.84430738 -0.21684265 -0.72798782 -0.33126891
  -0.52791658 -0.14651873  0.18684042  0.51407861]]
[[ 0.87545394 -0.9825113  -0.84366626 -0.21378165 -0.72654438 -0.33475324
  -0.52632939 -0.14239632  0.18952295  0.50925752]]
[[ 0.87578078 -0.98455416 -0.84333821 -0.21726258 -0.72690454 -0.33960449
  -0.52750801 -0.13516837  0.18750064  0.50358353]]
[[ 0.87679754 -0.9880616  -0.84338938 -0.22423214 -0.72790169 -0.34682666
  -0.52966512 -0.1260471   0.18316648  0.49743224]]
[[ 0.87809972 -0.99205751 -0.84345682 -0.23402614 -0.72893292 -0.35517556
  -0.53192646 -0.11680167  0.17757183  0.49047146]]
[[ 0.87939718 -0.99584078 -0.84346593 -0.24461897 -0.72964647 -0.36350315
  -0.53391204 -0.10852632  0.17189349  0.48362348]]
[[ 0.87882771 -0.99820981 -0.84333702 -0.24877194 -0.72839159 -0.37004264
  -0.53287225 -0.10511004  0.17084503  0.48025347]]
[[ 0.87688542 -0.9989875  -0.84290442 -0.24906272 -0.72568031 -0.37375768
  -0.52933762 -0.10512892  0.17327636  0.47733736]]
[[ 0.8741412  -0.99890682 -0.84237385 -0.24492296 -0.72275714 -0.37607226
  -0.52509958 -0.10542083  0.17774877  0.47483469]]
[[ 0.87128008 -0.99891344 -0.84201207 -0.23880989 -0.72011841 -0.37872234
  -0.52110401 -0.10481811  0.18247146  0.47285726]]
[[ 0.87036279 -0.99921394 -0.84082969 -0.23966021 -0.71882175 -0.38147219
  -0.5195914  -0.10137608  0.18367172  0.466839  ]]
[[ 0.87079954 -1.00101636 -0.84019723 -0.24426763 -0.71937452 -0.3861881
  -0.52072279 -0.09444729  0.18099018  0.46074658]]
[[ 0.87163459 -1.00425367 -0.84019313 -0.24989082 -0.72052675 -0.39375032
  -0.52263204 -0.08537844  0.17687006  0.4550129 ]]
[[ 0.87237103 -1.00784807 -0.84042597 -0.25549872 -0.72171938 -0.40255027
  -0.52437215 -0.07622249  0.17262908  0.44897167]]
[[ 0.87277553 -1.01101841 -0.84077654 -0.25922467 -0.72264685 -0.41121965
  -0.52558602 -0.06815577  0.16945376  0.44326922]]
[[ 0.87107938 -1.01257221 -0.84118376 -0.25457034 -0.72151859 -0.41791312
  -0.52356769 -0.06530527  0.17181885  0.44167709]]
[[ 0.86808003 -1.01264673 -0.84122144 -0.24740317 -0.7188789  -0.42143234
  -0.51911619 -0.06615054  0.17717548  0.44036344]]
[[ 0.86472027 -1.01226809 -0.84081666 -0.24094557 -0.71599815 -0.4232169
  -0.51430821 -0.06745087  0.18263699  0.43859254]]
[[ 0.8617825  -1.0122688  -0.84011018 -0.23790748 -0.71343468 -0.4249806
  -0.51019654 -0.06810604  0.18623057  0.43586891]]
[[ 0.86125998 -1.01272314 -0.83822307 -0.24524313 -0.71231832 -0.42656286
  -0.50892082 -0.06604835  0.18502691  0.4274713 ]]
[[ 0.86233454 -1.01467135 -0.83675687 -0.2570804  -0.71318815 -0.43025873
  -0.51053624 -0.06042595  0.17957691  0.41854352]]
[[ 0.86375703 -1.01799019 -0.83600122 -0.26868509 -0.71461485 -0.43724118
  -0.51294144 -0.05254014  0.17309811  0.4103822 ]]
[[ 0.86475311 -1.0215534  -0.83570092 -0.27731934 -0.71592703 -0.44583319
  -0.51500577 -0.04449855  0.16766603  0.40261967]]
[[ 0.86499404 -1.02449989 -0.83575221 -0.28055804 -0.71685252 -0.45448842
  -0.51631134 -0.03747385  0.16478175  0.39577159]]
[[ 0.86278801 -1.02561399 -0.83621478 -0.27273408 -0.71555975 -0.46128462
  -0.51411387 -0.03572387  0.16870039  0.39399628]]
[[ 0.85915116 -1.02519865 -0.83653053 -0.26153367 -0.71277051 -0.46485465
  -0.50939634 -0.03759008  0.17597287  0.39283942]]
[[ 0.85518864 -1.02447847 -0.83648897 -0.2516562  -0.70981621 -0.46672835
  -0.5043837  -0.03969366  0.18304705  0.39139959]]
[[ 0.85182086 -1.02442669 -0.83610726 -0.24683015 -0.70724373 -0.46846614
  -0.50017864 -0.04104048  0.18760237  0.38875267]]
[[ 0.85117967 -1.02511406 -0.83433411 -0.25430296 -0.70625208 -0.46947925
  -0.49893468 -0.03967566  0.18665988  0.3793095 ]]
[[ 0.85239001 -1.02740754 -0.8328393  -0.26755622 -0.70741854 -0.47217919
  -0.50068817 -0.03482437  0.18111617  0.36909905]]
[[ 0.85410296 -1.03107601 -0.83195778 -0.28149635 -0.70918752 -0.47796224
  -0.50328877 -0.0278756   0.17434045  0.35967217]]
[[ 0.85564591 -1.03510952 -0.83146324 -0.29451753 -0.7107502  -0.48532626
  -0.50560947 -0.02085212  0.16786489  0.35100337]]
[[ 0.85669061 -1.03870624 -0.83124828 -0.30476023 -0.7117623  -0.49290763
  -0.50724256 -0.01474753  0.16287887  0.34371059]]
[[ 0.8552093  -1.04043554 -0.83159371 -0.30407967 -0.7102526  -0.49887978
  -0.50526315 -0.01394408  0.16468433  0.34233298]]
[[ 0.85203591 -1.04032478 -0.83202344 -0.2975021  -0.70710063 -0.50179965
  -0.50055333 -0.01666023  0.17090246  0.3421983 ]]
[[ 0.84805333 -1.03947601 -0.83253622 -0.28724685 -0.70376697 -0.50338322
  -0.49523347 -0.01923449  0.17894494  0.34367827]]
[[ 0.84420947 -1.03899977 -0.83317247 -0.27743307 -0.70082996 -0.5052363
  -0.49042242 -0.02078329  0.18628096  0.34584967]]
[[ 0.8428908  -1.03918771 -0.83256399 -0.27768105 -0.69961573 -0.50666749
  -0.4885085  -0.01918727  0.18883833  0.34150347]]
[[ 0.84347704 -1.04105027 -0.83215079 -0.28393118 -0.70069159 -0.51005583
  -0.48972112 -0.01360904  0.18652145  0.33604099]]
[[ 0.84477922 -1.04435487 -0.83211295 -0.29260682 -0.7025087  -0.51665467
  -0.49201044 -0.00553828  0.18214687  0.33013262]]
[[ 0.84622179 -1.04814334 -0.83216432 -0.30301721 -0.70427037 -0.52478074
  -0.4943134   0.00289548  0.17685698  0.32362333]]
[[ 0.84752576 -1.05174667 -0.83221657 -0.31391527 -0.70557793 -0.53299753
  -0.4962203   0.01057327  0.17160765  0.31762113]]
[[ 0.84652855 -1.05376118 -0.83250361 -0.31732585 -0.70433173 -0.53913547
  -0.49472826  0.01245636  0.17158503  0.31712949]]
[[ 0.84395055 -1.05410797 -0.83258974 -0.31729243 -0.70134063 -0.54171543
  -0.49054833  0.01029688  0.17497566  0.31713478]]
[[ 0.84059655 -1.05367016 -0.83257252 -0.31416656 -0.69810565 -0.54278378
  -0.48573719  0.008077    0.17997713  0.31772625]]
[[ 0.83720013 -1.05329953 -0.83277259 -0.30905606 -0.69519896 -0.54432596
  -0.48128377  0.00703605  0.18519586  0.31928089]]
[[ 0.83605163 -1.05333007 -0.83196284 -0.3106507  -0.69405971 -0.54591945
  -0.47957813  0.00967462  0.18677022  0.31517756]]
[[ 0.83644338 -1.05490893 -0.83167237 -0.31519965 -0.69521073 -0.55020179
  -0.4808405   0.01696678  0.18439525  0.31129034]]
[[ 0.83721999 -1.05789204 -0.83202447 -0.32001451 -0.6970993  -0.55818284
  -0.48299482  0.02717531  0.18067663  0.30794084]]
[[ 0.83776501 -1.06122604 -0.832639   -0.3243864  -0.69900238 -0.5677826
  -0.48495976  0.03775939  0.17691076  0.304277  ]]
[[ 0.83787985 -1.0641775  -0.8333738  -0.32717522 -0.70052097 -0.57735432
  -0.48633748  0.04741832  0.17419122  0.30099975]]
[[ 0.83554755 -1.065356   -0.83435018 -0.32139763 -0.69938865 -0.58453206
  -0.4841591   0.05072712  0.17735716  0.30330543]]
[[ 0.8316465  -1.06489029 -0.83494589 -0.31311492 -0.69637156 -0.58765383
  -0.47925182  0.04940607  0.18365452  0.30568212]]
[[ 0.82731934 -1.06392303 -0.83500147 -0.30572113 -0.69299577 -0.58876442
  -0.47389967  0.04751702  0.18999134  0.30704684]]
[[ 0.82351826 -1.06324063 -0.83461432 -0.30141762 -0.6899562  -0.58984646
  -0.46930584  0.04615599  0.19436148  0.3065666 ]]
[[ 0.82263125 -1.06309398 -0.83265261 -0.30797519 -0.68876934 -0.59048569
  -0.46782353  0.04794118  0.19352677  0.29761434]]
[[ 0.82385297 -1.06449707 -0.83086536 -0.3196878  -0.69009907 -0.59362237
  -0.46969068  0.05415456  0.18789243  0.28712612]]
[[ 0.82564784 -1.06727057 -0.82966332 -0.3318434  -0.69223011 -0.6004651
  -0.47256111  0.06305229  0.18089143  0.27699333]]
[[ 0.82701312 -1.07033109 -0.82890152 -0.34189126 -0.69437615 -0.60881821
  -0.47512634  0.07203963  0.17466379  0.26742437]]
[[ 0.8275173  -1.0728757  -0.82854728 -0.34748377 -0.69616297 -0.61698354
  -0.47689106  0.07984275  0.17087305  0.25933503]]
[[ 0.82515712 -1.07349046 -0.82889195 -0.34196783 -0.69525869 -0.62285709
  -0.47485518  0.08123952  0.17424398  0.25818927]]
[[ 0.82101052 -1.07244017 -0.82921385 -0.33262509 -0.69260408 -0.62482594
  -0.47002536  0.0782658   0.18126251  0.25795836]]
[[ 0.81633801 -1.07099217 -0.82927087 -0.32353355 -0.6897387  -0.62511528
  -0.46476769  0.07518391  0.18845913  0.25757932]]
[[ 0.81219728 -1.07005391 -0.82908674 -0.31742301 -0.68727923 -0.62560237
  -0.46028336  0.07287377  0.19365596  0.25609256]]
[[ 0.81113283 -1.06989516 -0.82726863 -0.32265065 -0.68675277 -0.62531385
  -0.45893434  0.07358213  0.19339905  0.24597248]]
[[ 0.81231756 -1.07139056 -0.82557512 -0.3333308  -0.68877339 -0.62722896
  -0.46090908  0.0782862   0.1883355   0.23481009]]
[[ 0.81421492 -1.07426393 -0.82439466 -0.34496864 -0.69149166 -0.63268218
  -0.46386256  0.08519355  0.18186553  0.22434676]]
[[ 0.81595314 -1.07753343 -0.82357284 -0.35628024 -0.69400428 -0.63954474
  -0.46650673  0.09190263  0.17549266  0.21501469]]
[[ 0.81717954 -1.08051309 -0.82303231 -0.36613789 -0.69594958 -0.64618522
  -0.46840179  0.0973854   0.17018032  0.20776405]]
[[ 0.81565191 -1.08172606 -0.82323118 -0.36690362 -0.69500272 -0.65060456
  -0.46651252  0.09646827  0.17105643  0.20807914]]
[[ 0.81227129 -1.08125165 -0.82348638 -0.36387017 -0.69223214 -0.65115993
  -0.4617924   0.09135408  0.17558851  0.20947301]]
[[ 0.8080402  -1.08012585 -0.82380936 -0.35824296 -0.68927092 -0.65030294
  -0.45648145  0.0865372   0.18162684  0.21234098]]
[[ 0.80391499 -1.07923245 -0.82444834 -0.35144747 -0.68671376 -0.64997863
  -0.45163991  0.08296983  0.18761538  0.21686721]]
[[ 0.80245931 -1.07892697 -0.82386342 -0.3524008  -0.68616594 -0.64910681
  -0.44971643  0.08293994  0.18956881  0.21485455]]
[[ 0.80296815 -1.08025943 -0.8236544  -0.35697592 -0.68813541 -0.65073426
  -0.45095143  0.08740218  0.18736181  0.21318737]]
[[ 0.80408315 -1.08298007 -0.8239993  -0.36216029 -0.69081116 -0.6561761
  -0.45313799  0.09454862  0.18382441  0.21207263]]
[[ 0.80505698 -1.08608783 -0.82457296 -0.3675367  -0.6933086  -0.66325163
  -0.45510219  0.10194047  0.1801002   0.21086116]]
[[ 0.80564825 -1.08891814 -0.82522765 -0.37241139 -0.69522575 -0.6703322
  -0.45646336  0.10854451  0.17701657  0.21023427]]
[[ 0.80358578 -1.09002276 -0.82628414 -0.36950765 -0.69414554 -0.67502901
  -0.45414007  0.10851445  0.17951919  0.21600746]]
[[ 0.79970965 -1.0894722  -0.82701796 -0.36432648 -0.69099841 -0.67543531
  -0.44893223  0.10376985  0.18507329  0.22166854]]
[[ 0.79521742 -1.08835393 -0.82730075 -0.35923809 -0.68746894 -0.67402497
  -0.44318854  0.09887533  0.19101301  0.2262833 ]]
[[ 0.79112581 -1.08742021 -0.82736416 -0.35526157 -0.68428304 -0.67293052
  -0.43808513  0.09491247  0.1958414   0.22962771]]
[[ 0.79003527 -1.08701467 -0.82585901 -0.36043595 -0.68314004 -0.67149686
  -0.43612195  0.09489364  0.19601314  0.22404818]]
[[ 0.79116479 -1.08819471 -0.82459971 -0.36959423 -0.68469873 -0.673084
  -0.43764612  0.10021424  0.19166523  0.21730151]]
[[ 0.7928727  -1.09075463 -0.82397545 -0.37872848 -0.68712321 -0.67898329
  -0.44025043  0.10887428  0.18604749  0.21094439]]
[[ 0.79403669 -1.09360388 -0.8238068  -0.38579432 -0.68956207 -0.68678019
  -0.44259944  0.11806353  0.18116842  0.20487021]]
[[ 0.79429169 -1.09599148 -0.82401208 -0.38924771 -0.6915924  -0.69471319
  -0.4442228   0.12645036  0.17844147  0.1998627 ]]
[[ 0.79150816 -1.09645141 -0.82493827 -0.38264946 -0.690658   -0.70026003
  -0.44195179  0.12792418  0.18257952  0.20207507]]
[[ 0.78671433 -1.09519831 -0.82573502 -0.3728638  -0.68773106 -0.70141122
  -0.43669381  0.12449743  0.19019948  0.20486181]]
[[ 0.7813184  -1.09349596 -0.82610408 -0.3637195  -0.68446547 -0.70071249
  -0.43093675  0.12090119  0.1978524   0.20687133]]
[[ 0.7765555  -1.09217931 -0.82606097 -0.35745664 -0.681581   -0.70025471
  -0.42599024  0.11800327  0.20340906  0.20698094]]
[[ 0.77523434 -1.0915939  -0.82409504 -0.36256509 -0.68077245 -0.69926637
  -0.42436833  0.11873335  0.20333144  0.19669722]]
[[ 0.77662423 -1.0926562  -0.82206745 -0.37334139 -0.68276295 -0.70117292
  -0.42647383  0.12439208  0.19812472  0.1841022 ]]
[[ 0.77894713 -1.09509815 -0.820468   -0.38522251 -0.68558047 -0.70728057
  -0.42978652  0.13286658  0.19131455  0.17134825]]
[[ 0.78105912 -1.09792821 -0.81922854 -0.39663128 -0.68832969 -0.71498648
  -0.43285962  0.14137416  0.18455792  0.1593885 ]]
[[ 0.78250198 -1.10047733 -0.81834343 -0.40626575 -0.69065961 -0.72239944
  -0.43517725  0.14863147  0.1789456   0.1496507 ]]
[[ 0.78085567 -1.10122321 -0.81841613 -0.40661331 -0.69003843 -0.72724956
  -0.4335351   0.14872579  0.17966172  0.14844954]]
[[ 0.77702226 -1.10028627 -0.81863289 -0.40322851 -0.6875938  -0.72773295
  -0.42889018  0.14408215  0.18404467  0.14862289]]
[[ 0.7722434  -1.09878243 -0.81888605 -0.39796819 -0.6849979  -0.7266957
  -0.42366309  0.13974525  0.18964854  0.14997355]]
[[ 0.76770099 -1.09754252 -0.81939876 -0.3920248  -0.68282878 -0.72624502
  -0.41900015  0.13660229  0.19492532  0.1526515 ]]
[[ 0.76612631 -1.09693049 -0.81852284 -0.39380948 -0.68280283 -0.72517556
  -0.41741221  0.13714741  0.19601406  0.14816229]]
[[ 0.76680208 -1.09796253 -0.81800972 -0.39875249 -0.6854165  -0.72685856
  -0.41916782  0.14225497  0.19300028  0.14444407]]
[[ 0.76817125 -1.1003593  -0.81811541 -0.40375424 -0.6886954  -0.73260719
  -0.42188041  0.14982489  0.18889746  0.14197006]]
[[ 0.76927709 -1.10312774 -0.81855911 -0.40836817 -0.69171296 -0.73990288
  -0.4242476   0.15728244  0.18490549  0.14031746]]
[[ 0.76985563 -1.10563096 -0.81917401 -0.41217834 -0.69409799 -0.7469506
  -0.42588086  0.16361786  0.18173854  0.14005148]]
[[ 0.76750593 -1.10638819 -0.82039857 -0.40820167 -0.69332016 -0.75135555
  -0.42363446  0.16269641  0.18428149  0.14716975]]
[[ 0.76306409 -1.10549762 -0.82135552 -0.40213256 -0.69040062 -0.75105745
  -0.41834039  0.15672107  0.18984097  0.15424146]]
