[ 0.76306409 -1.10549762 -0.82135552 -0.40213256 -0.69040062 -0.75105745
 -0.41834039  0.15672107  0.18984097  0.15424146]
[ 0.76306409 -1.10549762 -0.82135552 -0.40213256 -0.69040062 -0.75105745
 -0.41834039  0.15672107  0.18984097  0.15424146]
[ 0.76306409 -1.10549762 -0.82135552 -0.40213256 -0.69040062 -0.75105745
 -0.41834039  0.15672107  0.18984097  0.15424146]
[ 0.76306409 -1.10549762 -0.82135552 -0.40213256 -0.69040062 -0.75105745
 -0.41834039  0.15672107  0.18984097  0.15424146]
[ 0.76306409 -1.10549762 -0.82135552 -0.40213256 -0.69040062 -0.75105745
 -0.41834039  0.15672107  0.18984097  0.15424146]
[ 0.76306409 -1.10549762 -0.82135552 -0.40213256 -0.69040062 -0.75105745
 -0.41834039  0.15672107  0.18984097  0.15424146]
[ 0.76306409 -1.10549762 -0.82135552 -0.40213256 -0.69040062 -0.75105745
 -0.41834039  0.15672107  0.18984097  0.15424146]
[ 0.76306409 -1.10549762 -0.82135552 -0.40213256 -0.69040062 -0.75105745
 -0.41834039  0.15672107  0.18984097  0.15424146]
[ 0.76306409 -1.10549762 -0.82135552 -0.40213256 -0.69040062 -0.75105745
 -0.41834039  0.15672107  0.18984097  0.15424146]
[ 0.76306409 -1.10549762 -0.82135552 -0.40213256 -0.69040062 -0.75105745
 -0.41834039  0.15672107  0.18984097  0.15424146]
[ 0.76306409 -1.10549762 -0.82135552 -0.40213256 -0.69040062 -0.75105745
 -0.41834039  0.15672107  0.18984097  0.15424146]
[ 0.76306409 -1.10549762 -0.82135552 -0.40213256 -0.69040062 -0.75105745
 -0.41834039  0.15672107  0.18984097  0.15424146]
[ 0.76306409 -1.10549762 -0.82135552 -0.40213256 -0.69040062 -0.75105745
 -0.41834039  0.15672107  0.18984097  0.15424146]
[ 0.76306409 -1.10549762 -0.82135552 -0.40213256 -0.69040062 -0.75105745
 -0.41834039  0.15672107  0.18984097  0.15424146]
[ 0.76306409 -1.10549762 -0.82135552 -0.40213256 -0.69040062 -0.75105745
 -0.41834039  0.15672107  0.18984097  0.15424146]
[ 1.39562791  0.98077325  1.00151962 -1.13472843  0.58185102  0.98090975
  0.9569923  -1.00825923  0.94114725  0.90872691]
[ 0.80078607  0.30040993  0.88507716 -1.065429   -0.80851103  0.40381723
 -0.36904054 -0.34942198  0.48780215  0.55378887]
[ 0.80078607  0.30040993  0.88507716 -1.065429   -0.80851103  0.40381723
 -0.36904054 -0.34942198  0.48780215  0.55378887]
[ 0.80078607  0.30040993  0.88507716 -1.065429   -0.80851103  0.40381723
 -0.36904054 -0.34942198  0.48780215  0.55378887]
[ 0.80078607  0.30040993  0.88507716 -1.065429   -0.80851103  0.40381723
 -0.36904054 -0.34942198  0.48780215  0.55378887]
[ 0.80078607  0.30040993  0.88507716 -1.065429   -0.80851103  0.40381723
 -0.36904054 -0.34942198  0.48780215  0.55378887]
[ 0.80078607  0.30040993  0.88507716 -1.065429   -0.80851103  0.40381723
 -0.36904054 -0.34942198  0.48780215  0.55378887]
[ 0.80078607  0.30040993  0.88507716 -1.065429   -0.80851103  0.40381723
 -0.36904054 -0.34942198  0.48780215  0.55378887]
[ 0.80078607  0.30040993  0.88507716 -1.065429   -0.80851103  0.40381723
 -0.36904054 -0.34942198  0.48780215  0.55378887]
[ 0.80078607  0.30040993  0.88507716 -1.065429   -0.80851103  0.40381723
 -0.36904054 -0.34942198  0.48780215  0.55378887]
[ 0.80078607  0.30040993  0.88507716 -1.065429   -0.80851103  0.40381723
 -0.36904054 -0.34942198  0.48780215  0.55378887]
[ 0.80078607  0.30040993  0.88507716 -1.065429   -0.80851103  0.40381723
 -0.36904054 -0.34942198  0.48780215  0.55378887]
[ 0.80078607  0.30040993  0.88507716 -1.065429   -0.80851103  0.40381723
 -0.36904054 -0.34942198  0.48780215  0.55378887]
[ 0.80078607  0.30040993  0.88507716 -1.065429   -0.80851103  0.40381723
 -0.36904054 -0.34942198  0.48780215  0.55378887]
[ 0.80078607  0.30040993  0.88507716 -1.065429   -0.80851103  0.40381723
 -0.36904054 -0.34942198  0.48780215  0.55378887]
[ 0.80078607  0.30040993  0.88507716 -1.065429   -0.80851103  0.40381723
 -0.36904054 -0.34942198  0.48780215  0.55378887]
