[ 2.18086908  2.22238351  1.81305869  2.16217973  1.70930876  1.73501767
  2.41945888  1.84212518  1.8473077   1.84320184]
[ 2.1574742   2.24667804  1.829406    2.14347163  1.69576852  1.73706964
  2.44755096  1.85853735  1.8306728   1.82704412]
[ 2.13449009  2.27056171  1.84574168  2.12336216  1.68240515  1.74344126
  2.47373852  1.87379296  1.81462486  1.81127385]
[ 2.11198902  2.29327302  1.86180743  2.10267195  1.66911095  1.74430522
  2.49458577  1.88728329  1.79908893  1.79568104]
[ 2.08996745  2.31478035  1.87775483  2.08180452  1.65596666  1.73714304
  2.50894913  1.89768268  1.78384164  1.78018719]
[ 2.06838949  2.33472977  1.89383044  2.06122332  1.64315186  1.72744898
  2.51795829  1.90269119  1.76883675  1.76482554]
[ 2.04718851  2.3526543   1.91006736  2.04091852  1.63076539  1.71636908
  2.52290206  1.90180156  1.75397224  1.74972016]
[ 2.02628276  2.36832258  1.92609364  2.02064523  1.61873746  1.70477575
  2.52432894  1.89623582  1.73914614  1.73506647]
[ 2.00584406  2.38199499  1.94081206  2.00049594  1.60711682  1.69732889
  2.52164235  1.88769902  1.72468832  1.72123612]
[ 1.98616214  2.39452468  1.95322485  1.980928    1.59609989  1.6938986
  2.51425318  1.87735476  1.71114875  1.70852516]
[ 1.96757412  2.40702797  1.9632697   1.96402973  1.58594437  1.69292878
  2.50255246  1.866194    1.6985022   1.69697436]
[ 1.95029695  2.42017579  1.97144704  1.95319641  1.57711564  1.69315865
  2.48781496  1.85535948  1.68592504  1.68646773]
[ 1.93441414  2.43400664  1.97882987  1.94796018  1.57023781  1.69326765
  2.47280535  1.84683462  1.67301312  1.67676688]
[ 1.91969918  2.44801296  1.98664255  1.94672362  1.56532658  1.69219915
  2.46034718  1.84049712  1.65994894  1.66762497]
[ 1.90600679  2.46172249  1.99479359  1.94851968  1.56203543  1.68982713
  2.4504663   1.83516249  1.64677103  1.65892245]
[ 1.89340522  2.47475617  2.00269621  1.95211718  1.55985948  1.68663262
  2.44006681  1.82926288  1.63353864  1.65064467]
[ 1.88210334  2.48722232  2.00900431  1.95597108  1.5582017   1.68352806
  2.42536375  1.82151958  1.62103491  1.64288464]
[ 1.87240601  2.50003385  2.01154647  1.9591094   1.55656088  1.68191451
  2.40644414  1.81267013  1.6114544   1.6358352 ]
[ 1.86436224  2.51374094  2.00975097  1.96159929  1.55475635  1.68220875
  2.38459535  1.80374915  1.60447652  1.62954314]
[ 1.85767488  2.52901235  2.00464371  1.9643455   1.55288676  1.68429662
  2.36107623  1.79634818  1.59843798  1.62391804]
[ 1.85176276  2.5467257   1.99754008  1.96892046  1.55132889  1.68775599
  2.3397494   1.79235272  1.59230555  1.61877671]
[ 1.8460572   2.56731691  1.98986538  1.97691012  1.55068307  1.69211507
  2.33068007  1.79277417  1.58659374  1.61391194]
[ 1.84031719  2.59023102  1.9829216   1.98825326  1.55119649  1.69691093
  2.33223558  1.79668871  1.5826103   1.60918174]
[ 1.83460199  2.61440649  1.97627239  2.00219668  1.55268193  1.70196395
  2.33910044  1.80285188  1.57970164  1.60455593]
[ 1.82926521  2.63806926  1.96898612  2.01762064  1.55471547  1.70729755
  2.34570636  1.8097063   1.57632037  1.60010109]
[ 1.82484491  2.65945448  1.96049127  2.03274549  1.55675418  1.71303746
  2.34637605  1.8155137   1.57296509  1.59597261]
[ 1.82172175  2.67856095  1.95048635  2.04617222  1.55838524  1.71947894
  2.34072042  1.82008764  1.5708255   1.5923193 ]
[ 1.81978854  2.69704106  1.93981332  2.05850567  1.55962984  1.72638393
  2.33124401  1.82434384  1.57027144  1.58906893]
[ 1.81857607  2.71676601  1.92992336  2.07144263  1.56072948  1.73348431
  2.32038224  1.82950967  1.57209789  1.58602633]
[ 1.81760961  2.73852332  1.92172425  2.08649834  1.5619243   1.74076649
  2.31018708  1.8364956   1.57641076  1.58307821]
[ 1.81651574  2.76204735  1.91481095  2.10426618  1.56338829  1.74850869
  2.3013911   1.84565711  1.5820261   1.58018705]
[ 1.81533583  2.78613275  1.90964461  2.12404038  1.56503531  1.75689131
  2.29175582  1.85595252  1.58861094  1.57739949]
[ 1.81435915  2.80936706  1.90519598  2.14454656  1.56668052  1.76640801
  2.27886303  1.86631892  1.59543766  1.57482623]
[ 1.81390235  2.83119928  1.90052409  2.16449655  1.56820862  1.77711418
  2.26233364  1.87628483  1.60224366  1.57251663]
[ 1.81408744  2.85101791  1.89473456  2.18273642  1.56960277  1.7886177
  2.24246086  1.8852882   1.60848611  1.57041586]
[ 1.81495912  2.86811208  1.88734267  2.1993008   1.57089856  1.8005494
  2.22028074  1.89351724  1.61374195  1.56846864]
[ 1.81631335  2.88179851  1.87832528  2.21527886  1.57224907  1.81195729
  2.1964104   1.90064174  1.61697524  1.56656869]
[ 1.81807066  2.89168878  1.86920087  2.23137337  1.57373324  1.82227842
  2.17116962  1.90633796  1.61731552  1.56465856]
[ 1.82016863  2.89798854  1.86155503  2.24817875  1.5753513   1.8315153
  2.14519122  1.91070211  1.61555847  1.56276588]
[ 1.82242786  2.90171578  1.85521802  2.26635312  1.57708269  1.84017103
  2.11935759  1.91459658  1.61291238  1.56094859]
[ 1.82506187  2.90461604  1.85226734  2.28477247  1.57876936  1.84886445
  2.09398046  1.91812958  1.61108196  1.55929523]
[ 1.82815198  2.90850235  1.85167547  2.30222452  1.58025933  1.8589397
  2.06936382  1.92205387  1.61064007  1.5578835 ]
[ 1.83179738  2.91466791  1.85234612  2.31804365  1.5814644   1.87098022
  2.04578134  1.92670792  1.61174731  1.55672394]
[ 1.83592779  2.92279767  1.85306428  2.33130676  1.58238227  1.88477345
  2.02277268  1.93192748  1.61342746  1.55574884]
[ 1.84045449  2.93300277  1.85348446  2.34327515  1.58310157  1.89984968
  2.00337098  1.93807911  1.61680448  1.55487627]
[ 1.84506749  2.94426931  1.85334644  2.35605046  1.58393205  1.91418869
  1.99208587  1.94428161  1.62241354  1.55395245]
[ 1.85012534  2.95510059  1.85339841  2.37000365  1.58506385  1.92617463
  1.98828609  1.94956953  1.62931621  1.55292715]
[ 1.85583179  2.9646475   1.85446669  2.38515968  1.5865145   1.93547531
  1.99022452  1.95351467  1.63696454  1.55184053]
[ 1.86215994  2.97150577  1.85520795  2.4010362   1.58821157  1.94283658
  1.99490565  1.9564744   1.64430585  1.55077667]
[ 1.86935485  2.97536999  1.85564893  2.41495016  1.58980472  1.94966631
  1.99788413  1.95883312  1.65070733  1.54988623]
[ 1.8769075   2.97809266  1.85471529  2.42595376  1.59104751  1.95800845
  1.99829825  1.96219196  1.65670547  1.54923709]
[ 1.88453314  2.98151176  1.85311396  2.43427403  1.5918404   1.96865499
  1.99720564  1.96701837  1.66317563  1.5487977 ]
[ 1.89191362  2.98514957  1.8503043   2.4394663   1.59224937  1.98132006
  1.99426644  1.97298734  1.66910941  1.54848599]
[ 1.89900992  2.98853757  1.84552808  2.44248623  1.5924347   1.99528068
  1.99116312  1.98000409  1.67444508  1.54821429]
[ 1.90612246  2.98833592  1.83727468  2.44415305  1.59278907  2.00813229
  1.98774185  1.98618737  1.67727248  1.54785703]
[ 1.91459119  2.98350478  1.82661541  2.44408195  1.59346292  2.01838905
  1.9828661   1.99036434  1.6766018   1.54743751]
[ 1.92485446  2.97595827  1.8153276   2.4432084   1.59440592  2.02583026
  1.9784816   1.99259243  1.67401442  1.54700632]
[ 1.93691789  2.967978    1.80437357  2.44345046  1.59557053  2.03090862
  1.97720362  1.99347316  1.67168515  1.54657783]
[ 1.95060433  2.96179461  1.79601929  2.44350399  1.59639317  2.03502697
  1.9779951   1.99330094  1.67130083  1.54626452]
[ 1.96482965  2.95963457  1.7912868   2.4431618   1.59645381  2.04058009
  1.98135825  1.99371594  1.67453636  1.54616239]
[ 1.97891667  2.96308001  1.79034794  2.44273904  1.5955802   2.04883676
  1.98759724  1.99519196  1.68145643  1.54624992]
[ 1.99230556  2.97003738  1.79136653  2.44085795  1.59387316  2.05972484
  1.99425213  1.99761457  1.68999669  1.54647108]
[ 2.00500092  2.97920447  1.79230843  2.43874908  1.591618    2.0724951
  2.00304385  2.00160216  1.70014476  1.54672956]
[ 2.01842767  2.98776066  1.79130427  2.43765651  1.58955142  2.08429531
  2.01444121  2.00558348  1.71054379  1.54687966]
[ 2.03488369  2.99346243  1.78820609  2.43637721  1.58798581  2.09305762
  2.02594905  2.00797002  1.71915904  1.54694959]
[ 2.05491136  2.99628893  1.78370854  2.43515563  1.5869081   2.09844554
  2.03768163  2.00848659  1.72633083  1.54700762]
[ 2.07845852  2.99682966  1.77830682  2.43526801  1.58633602  2.10096987
  2.04998733  2.00746105  1.73306614  1.54704915]
[ 2.10383647  2.99607211  1.77220164  2.43467709  1.58574624  2.10213453
  2.05966318  2.00517647  1.73909985  1.54713356]
[ 2.12859549  2.99549905  1.76497302  2.43343702  1.58487266  2.10387718
  2.06722274  2.00348396  1.74525268  1.54717507]
[ 2.15173759  2.99709837  1.75740828  2.43221392  1.58366392  2.10719472
  2.07433577  2.00296038  1.75215034  1.54705975]
[ 2.171773    2.99940202  1.74922635  2.42936629  1.5821847   2.11198842
  2.07856267  2.00353356  1.75790359  1.54681626]
[ 2.18966249  3.00098076  1.73997321  2.42474985  1.58042196  2.11772435
  2.08004099  2.00552936  1.76245709  1.54650366]
[ 2.20692403  2.99945203  1.72949106  2.41911577  1.57880459  2.12229643
  2.07917229  2.00751481  1.76503489  1.54613582]
[ 2.22470937  2.99541372  1.71866062  2.41200439  1.57746259  2.12452915
  2.0755735   2.00780943  1.76488724  1.54580469]
[ 2.24468827  2.99141144  1.70837502  2.40601963  1.5763931   2.12438611
  2.07470614  2.00598372  1.76493899  1.54551999]
[ 2.26769949  2.99001295  1.69962155  2.40494107  1.57571582  2.12214706
  2.0812078   2.00207883  1.76796248  1.54516599]
[ 2.28994946  2.99374108  1.69337298  2.4055172   1.57460675  2.11913045
  2.09135679  1.99598134  1.77325966  1.54481845]
[ 2.30856827  3.00330889  1.69002445  2.40675938  1.57250019  2.11745867
  2.10410944  1.98953519  1.78153054  1.54446603]
[ 2.32379655  3.01894582  1.68972249  2.40881219  1.56924725  2.11833999
  2.11949057  1.98370111  1.79306557  1.54401585]
[ 2.33430744  3.03743967  1.6908428   2.40897366  1.56512683  2.12144655
  2.13357472  1.97894921  1.80517473  1.54353754]
[ 2.33929112  3.05403472  1.69125375  2.4058941   1.56059879  2.12587367
  2.14302655  1.97601761  1.81545568  1.54309592]
[ 2.3382788   3.06256064  1.68926631  2.39838023  1.55651155  2.12949192
  2.14335798  1.97443644  1.81937857  1.54275268]
[ 2.33152171  3.06307333  1.68526322  2.38512698  1.55310078  2.13122582
  2.13390638  1.97313531  1.81580752  1.54267012]
[ 2.32283958  3.05891804  1.68032541  2.37010441  1.55028082  2.13109999
  2.12119331  1.97162309  1.80894704  1.54281529]
[ 2.3181869   3.05313448  1.67566371  2.36192285  1.54818607  2.12945855
  2.11477766  1.96981107  1.80451779  1.54289483]
[ 2.31718535  3.04809256  1.67206647  2.36026541  1.54639489  2.12726934
  2.11541846  1.96750745  1.80393849  1.54287125]
[ 2.31784047  3.04502209  1.66993244  2.36368489  1.54445362  2.12597352
  2.12153915  1.96570361  1.80743745  1.54265069]
[ 2.31997758  3.04562945  1.66975599  2.37125713  1.54211164  2.12652999
  2.13196127  1.96480489  1.81464808  1.54211898]
[ 2.32075558  3.04789908  1.67040385  2.37842478  1.53934534  2.12871016
  2.14227873  1.96485112  1.82261269  1.54147614]
[ 2.32031964  3.04863202  1.67027561  2.38551421  1.53618024  2.13199674
  2.15231269  1.96619219  1.83127211  1.54085275]
[ 2.31905228  3.04479194  1.66875088  2.39231248  1.53325341  2.1346799
  2.16114062  1.96828793  1.83854328  1.54029965]
[ 2.3146753   3.03656813  1.66599626  2.39447247  1.53082767  2.13574562
  2.16468825  1.97026076  1.84128761  1.5400275 ]
[ 2.30868669  3.02548497  1.66255757  2.39324454  1.52882027  2.13535137
  2.16470447  1.97201096  1.84085817  1.54005447]
[ 2.30371374  3.0130806   1.65905229  2.39289381  1.52720573  2.13383022
  2.16445413  1.97352416  1.83974022  1.54016246]
[ 2.29743701  3.00035486  1.65554936  2.39160723  1.52552682  2.13200269
  2.1631136   1.9748304   1.83846013  1.54045005]
[ 2.2891888   2.98844847  1.65240258  2.3902902   1.52340547  2.13099081
  2.16175273  1.97653579  1.83869603  1.54075001]
[ 2.28193724  2.98026968  1.65065117  2.39170278  1.52066038  2.1317296
  2.16322669  1.9787748   1.84227251  1.54075756]
[ 2.27365894  2.97500647  1.64984702  2.39244003  1.51733993  2.13400067
  2.16491373  1.98151525  1.84704787  1.5406255 ]
[ 2.26704027  2.97054785  1.64889255  2.39577673  1.51349084  2.13736625
  2.16858602  1.98504565  1.85441695  1.54038095]
[ 2.26470786  2.96426205  1.64735578  2.40349474  1.50979616  2.14032192
  2.1753721   1.98879769  1.86329043  1.53999631]
[ 2.26246239  2.95557458  1.64513419  2.40931647  1.50661838  2.14166905
  2.18102337  1.99192445  1.86983972  1.53980934]
[ 2.26005018  2.94516606  1.64255284  2.41255088  1.50390637  2.14152579
  2.185433    1.99440209  1.87405254  1.53991715]
[ 2.25753704  2.93381602  1.63995589  2.41508024  1.50158632  2.14022041
  2.18906897  1.99632284  1.87679935  1.54015506]
[ 2.25070575  2.92134291  1.6368752   2.41334285  1.49928963  2.13840893
  2.18902145  1.99792053  1.87750909  1.54075012]
[ 2.23964061  2.90800274  1.63326727  2.40914656  1.49681077  2.13692955
  2.18595838  1.99977864  1.87772189  1.54149816]
[ 2.22994655  2.89613484  1.63004103  2.40786611  1.49412759  2.13664638
  2.18433212  2.00200902  1.88011129  1.54195721]
[ 2.22023433  2.88557776  1.62715097  2.40646769  1.49132276  2.13728592
  2.1824555   2.00460195  1.88292062  1.54228494]
[ 2.21394297  2.87561885  1.62391169  2.40958948  1.48823047  2.13868928
  2.18297643  2.00780366  1.88852206  1.54241424]
[ 2.21532528  2.86525304  1.62040913  2.42089808  1.48525269  2.13991073
  2.18891384  2.01110463  1.89736142  1.54217069]
[ 2.21937722  2.85411084  1.61666383  2.43273461  1.48269509  2.13986952
  2.1962994   2.01370856  1.9054695   1.54197645]
[ 2.22390107  2.8428498   1.61305861  2.44221361  1.48049804  2.13875446
  2.2036572   2.01558427  1.91184253  1.54200756]
[ 2.22653419  2.83215651  1.60994605  2.44869545  1.4785789   2.1368809
  2.20952993  2.01680512  1.91608538  1.54217018]
[ 2.22244344  2.8217627   1.60684373  2.44794691  1.47661403  2.13476373
  2.21053287  2.0176325   1.91731421  1.54278219]
[ 2.21223742  2.81169996  1.60373782  2.44248828  1.47439707  2.13312033
  2.20737219  2.01859798  1.91727527  1.54364034]
[ 2.20308226  2.80438513  1.60147559  2.43962476  1.47190856  2.13291744
  2.20573678  2.0197697   1.91951848  1.54415453]
[ 2.19473229  2.79916339  1.59993745  2.43712603  1.46933032  2.13373247
  2.20449192  2.02122129  1.92252982  1.54449029]
[ 2.18881142  2.79452322  1.59811675  2.43767385  1.46656955  2.13529822
  2.20477229  2.02322521  1.92748911  1.54467121]
[ 2.18899334  2.7891359   1.59588065  2.44518442  1.46395689  2.13674548
  2.20907251  2.02542971  1.93492739  1.54451951]
[ 2.19229514  2.78218523  1.59315889  2.45304591  1.46180897  2.13693119
  2.21446661  2.0273384   1.94138636  1.54443716]
[ 2.19821467  2.77453874  1.590414    2.46033256  1.46003754  2.1361334
  2.22070176  2.02897044  1.94694544  1.54450584]
[ 2.20574672  2.76740618  1.58835456  2.46780963  1.45857327  2.13473392
  2.22727503  2.03035923  1.95183876  1.54451073]
[ 2.20955866  2.76074252  1.58663264  2.46995566  1.45716794  2.13316299
  2.23045156  2.03162772  1.95442754  1.54479745]
[ 2.2074886   2.75420779  1.58504506  2.46721101  1.45560848  2.13197043
  2.2291802   2.03313854  1.95544174  1.54532406]
[ 2.2059724   2.74974215  1.58413625  2.46708392  1.45386662  2.13215968
  2.22890899  2.03473958  1.9582929   1.54552257]
[ 2.20467904  2.74648176  1.58368076  2.4668601   1.45213223  2.13318997
  2.22854223  2.03647123  1.96136825  1.54563819]
[ 2.20289274  2.74297047  1.58278195  2.46591043  1.45032626  2.13469285
  2.22765759  2.03860058  1.96442682  1.54584283]
[ 2.2030338   2.73841419  1.58145661  2.46700782  1.448652    2.1359619
  2.22798303  2.04083563  1.96774442  1.54597716]
[ 2.20333135  2.73233878  1.57969029  2.46491007  1.44737133  2.13592049
  2.22790544  2.04273702  1.96862127  1.54631103]
[ 2.20627203  2.72603067  1.57795333  2.4636616   1.4463612   2.13506215
  2.22995957  2.04411148  1.9693832   1.54667572]
[ 2.21397572  2.72119087  1.57721832  2.46909152  1.44558091  2.13394265
  2.2364129   2.04479428  1.97246219  1.54657475]
[ 2.22094024  2.71845904  1.57747537  2.47399014  1.44482626  2.1328686
  2.24356019  2.04484932  1.97573874  1.54641062]
[ 2.22243737  2.71725197  1.57849286  2.47479541  1.4438116   2.13225478
  2.24784479  2.04478969  1.97848625  1.54643881]
[ 2.22340894  2.71883866  1.58045864  2.47787223  1.44245487  2.13319368
  2.25313646  2.04477073  1.98349501  1.5461794 ]
[ 2.22382089  2.72151968  1.58276912  2.47994851  1.44100099  2.13501431
  2.25785311  2.04496238  1.98873886  1.54594069]
[ 2.22290481  2.72315931  1.58436198  2.47950904  1.43949427  2.1371331
  2.26066049  2.04568083  1.99317582  1.54593663]
[ 2.222584    2.72267955  1.58517926  2.47835755  1.43818218  2.13876879
  2.26230756  2.04668122  1.99635699  1.54604214]
[ 2.22085245  2.71942132  1.58518998  2.47020295  1.43733276  2.13872675
  2.26086923  2.04787432  1.99523712  1.54653677]
[ 2.22148189  2.71482268  1.584818    2.4619373   1.43677865  2.13769608
  2.25994633  2.04910174  1.99328705  1.54716548]
[ 2.22893503  2.71058258  1.58499476  2.46471575  1.43645224  2.13662949
  2.26390746  2.05019861  1.99500062  1.54722675]
[ 2.23835883  2.70736176  1.58578745  2.4706151   1.436186    2.13579265
  2.26946567  2.05117798  1.99822634  1.54704985]
[ 2.24378425  2.70477866  1.58701081  2.47362892  1.43568453  2.13535579
  2.27220714  2.05228841  2.00126993  1.54705214]
[ 2.24803449  2.7043058   1.58890083  2.47849867  1.43483184  2.13642722
  2.27529419  2.05346696  2.00619845  1.54684176]
[ 2.25120445  2.70488437  1.59102794  2.48205069  1.43381854  2.13836477
  2.27776074  2.05477682  2.01131537  1.54670873]
[ 2.25309561  2.70505103  1.5925512   2.48394713  1.43264349  2.14066055
  2.27905892  2.05645655  2.01620918  1.54679896]
[ 2.25566117  2.70411942  1.59350185  2.48630939  1.43155609  2.14268445
  2.280129    2.05819702  2.02057517  1.5468932 ]
[ 2.25649691  2.70121343  1.59379906  2.48136744  1.43085284  2.14310336
  2.27880888  2.05989338  2.02081265  1.54730344]
[ 2.25787921  2.69748498  1.59381829  2.47401501  1.43038963  2.14251571
  2.27740342  2.06137925  2.01938076  1.54789342]
[ 2.26268275  2.6941409   1.59418762  2.47375488  1.43007854  2.14185301
  2.27927377  2.06243665  2.02003945  1.54811724]
[ 2.26814256  2.69178653  1.59502008  2.47581374  1.42978196  2.14138491
  2.28264915  2.06313579  2.02194943  1.54817344]
[ 2.27014753  2.69018892  1.59629402  2.47624219  1.42925125  2.14124181
  2.28397579  2.06369716  2.02414483  1.54837322]
[ 2.27129863  2.6905933   1.59828997  2.47954039  1.42841767  2.1425398
  2.28591361  2.06422832  2.02833346  1.5483082 ]
[ 2.27217258  2.69196938  1.60059449  2.48272316  1.42749853  2.14460908
  2.28764212  2.06484509  2.03279053  1.54824385]
[ 2.27320461  2.69278891  1.6022183   2.48733725  1.42647386  2.14700056
  2.28924196  2.06579306  2.03769788  1.54832029]
[ 2.27622884  2.69245721  1.6031519   2.49601738  1.42556549  2.14919851
  2.2919632   2.06680952  2.0431662   1.54830444]
[ 2.28009589  2.68997659  1.60328286  2.50108595  1.4250649   2.14987018
  2.29432445  2.06776853  2.04603135  1.54845915]
[ 2.28420482  2.68668493  1.60314426  2.5019501   1.42479333  2.14944479
  2.29602816  2.06857534  2.04674423  1.54883725]
[ 2.28825129  2.68371403  1.60324743  2.50262784  1.42461097  2.14868889
  2.29772324  2.06903393  2.04697771  1.54912958]
[ 2.2904735   2.6816522   1.60363655  2.50064896  1.42436428  2.14792769
  2.298585    2.06921849  2.04673896  1.54948581]
[ 2.28886337  2.68047133  1.60442883  2.49637473  1.4238562   2.14743246
  2.29697368  2.06925789  2.04658589  1.55001272]
[ 2.28661249  2.68139186  1.60606708  2.49569565  1.42306649  2.14839509
  2.29615631  2.06927633  2.04858242  1.55020963]
[ 2.28500447  2.6835057   1.60828044  2.49638045  1.42223956  2.15017877
  2.2958791   2.06940057  2.0512692   1.5502819 ]
[ 2.28495981  2.68511057  1.60989988  2.501659    1.42134558  2.15241857
  2.29665362  2.06985048  2.05534244  1.55039471]
[ 2.28818612  2.68547885  1.61075739  2.51448277  1.4205784   2.15467808
  2.29977015  2.0703957   2.06122648  1.5503339 ]
[ 2.29448593  2.68353447  1.61067937  2.52755305  1.42023127  2.15561222
  2.304428    2.07085918  2.06607663  1.5503097 ]
[ 2.30153268  2.6808947   1.61035453  2.5360437   1.4200904   2.15547366
  2.30848097  2.07122024  2.06890801  1.55048739]
[ 2.306756    2.6787178   1.61026794  2.53932735  1.41998955  2.15483892
  2.31042304  2.07135257  2.0696644   1.55071398]
[ 2.30843254  2.67765253  1.61046057  2.53578289  1.41976276  2.15403913
  2.30982737  2.07133929  2.06858984  1.55116432]
[ 2.30549947  2.67772135  1.61109353  2.52861221  1.41923291  2.15343734
  2.30623988  2.07121235  2.06717955  1.55184086]
[ 2.30153183  2.67996653  1.61261257  2.52453852  1.41841669  2.15424168
  2.30327984  2.07105604  2.06770053  1.55216213]
[ 2.29853637  2.68340187  1.6148015   2.52237711  1.41760656  2.15582712
  2.30116619  2.0709857   2.06896712  1.55226814]
[ 2.29694924  2.68624448  1.61647602  2.52395815  1.41681011  2.15774062
  2.30000173  2.07120372  2.07113531  1.55236475]
[ 2.29849872  2.68760004  1.61733477  2.53292579  1.41618996  2.15960804
  2.30109431  2.07154329  2.07492505  1.55228512]
[ 2.30451407  2.68620309  1.61707997  2.54535716  1.41603668  2.16028875
  2.30534081  2.0717676   2.07882954  1.55214966]
[ 2.31292461  2.68391485  1.61652471  2.55716638  1.41609539  2.16009798
  2.31081162  2.07185771  2.08225046  1.55209404]
[ 2.32061756  2.68209038  1.61627116  2.56566229  1.41618976  2.15953287
  2.31507325  2.07174206  2.08439796  1.55199504]
[ 2.32476558  2.68161712  1.61640637  2.56653517  1.41613011  2.15881151
  2.31672047  2.07156746  2.08458678  1.55214719]
[ 2.32332472  2.68259943  1.61705601  2.56190971  1.41569937  2.15824412
  2.31474404  2.07137513  2.08396389  1.55263296]
[ 2.31969773  2.68594494  1.61853484  2.55828195  1.41489508  2.1590178
  2.31257792  2.071209    2.08475069  1.55286884]
[ 2.31619396  2.69059799  1.62056566  2.55474325  1.41402551  2.16048501
  2.3105816   2.07111727  2.08585009  1.55296586]
[ 2.3128239   2.69502123  1.62223964  2.550727    1.41316617  2.16202535
  2.30811592  2.07129255  2.08649958  1.55308265]
[ 2.31091362  2.69831757  1.62324838  2.54881829  1.41249006  2.16318581
  2.30592241  2.07161596  2.08680537  1.55310518]
[ 2.3137185   2.69856261  1.6230433   2.55077369  1.41233027  2.1631437
  2.30703343  2.07188528  2.08716542  1.55305339]
[ 2.32086914  2.69727912  1.62239576  2.55815451  1.41243307  2.16254032
  2.31165397  2.07209572  2.08910368  1.55289362]
[ 2.33009923  2.69593313  1.62219754  2.56985042  1.41265262  2.16195437
  2.31805652  2.07219456  2.09236349  1.55235968]
[ 2.33793448  2.69555069  1.62243512  2.57807664  1.41278258  2.16143497
  2.32337224  2.07232852  2.09496111  1.55187037]
[ 2.34045249  2.69639703  1.62308343  2.58079865  1.41254332  2.16108637
  2.32478142  2.07259775  2.09668249  1.55172966]
[ 2.33983087  2.69944658  1.62433259  2.58238652  1.41188168  2.16201682
  2.32482     2.07301091  2.09908757  1.55149072]
[ 2.33807163  2.7039365   1.62591657  2.58105974  1.41105223  2.16357314
  2.32380543  2.07352259  2.10106534  1.55129419]
[ 2.33507351  2.70883121  1.62726635  2.574919    1.41013897  2.16507088
  2.32073587  2.07430043  2.10148983  1.55121924]
[ 2.33180601  2.71349373  1.62819844  2.56488572  1.40932912  2.16597254
  2.31560595  2.07524165  2.09962267  1.55115825]
[ 2.331713    2.71567687  1.62810401  2.55353669  1.4089874   2.16547318
  2.31173277  2.07618826  2.09606291  1.5511544 ]
[ 2.33552401  2.71635746  1.62756891  2.54709268  1.40888843  2.16443197
  2.31110439  2.07708723  2.09376454  1.55110821]
[ 2.34324535  2.71631357  1.62751539  2.55192265  1.40898498  2.16378414
  2.31480367  2.07789235  2.09498404  1.55048284]
[ 2.35174373  2.71666721  1.6280746   2.55988574  1.40910599  2.16353087
  2.3202325   2.07865379  2.0976256   1.54960249]
[ 2.35645706  2.71795873  1.62914777  2.5664642   1.40892907  2.16358933
  2.323478    2.0794485   2.10060939  1.54887519]
[ 2.35814371  2.72123142  1.63082889  2.57233206  1.40836959  2.16493639
  2.32549993  2.08038494  2.10423095  1.5480504 ]
[ 2.35864907  2.72582238  1.63275642  2.57547017  1.40762508  2.16696219
  2.32651163  2.08141936  2.10748219  1.54732483]
[ 2.35781323  2.73083691  1.6343985   2.57393123  1.40676415  2.1689825
  2.32556813  2.0827061   2.10932967  1.54676472]
[ 2.35625893  2.73581133  1.63564474  2.56728085  1.40597912  2.1703916
  2.32218074  2.08416381  2.10849049  1.54624547]
[ 2.35652798  2.73851551  1.63589689  2.55563112  1.40563251  2.17022037
  2.31852169  2.0857131   2.1046376   1.54589789]
[ 2.35896068  2.74000439  1.63570237  2.54366114  1.40548001  2.16924253
  2.31597341  2.08726105  2.10018164  1.54572609]
[ 2.36322222  2.74077327  1.63554819  2.53817593  1.40544011  2.16840319
  2.31591409  2.08868437  2.09752777  1.54537392]
[ 2.36813847  2.74157452  1.63576631  2.53669263  1.40542522  2.16798298
  2.31786071  2.0900176   2.09656732  1.54488026]
[ 2.37017125  2.74311106  1.63655294  2.5368101   1.40516721  2.16798948
  2.31881411  2.09127298  2.09686254  1.54441581]
[ 2.3702258   2.74639456  1.63814135  2.53883679  1.40462412  2.16939862
  2.31958073  2.09261273  2.09844338  1.54370659]
[ 2.37019001  2.75078912  1.64016671  2.54086199  1.4039706   2.17163771
  2.32042746  2.09399981  2.10033032  1.54296112]
[ 2.37045646  2.75508745  1.64184893  2.54379611  1.40324654  2.17418019
  2.32137141  2.0955775   2.10251126  1.54229047]
[ 2.37177393  2.75877133  1.64299332  2.54824708  1.4026239   2.17650104
  2.32246824  2.0972434   2.10433438  1.54158459]
[ 2.37630125  2.75986217  1.64301635  2.55211077  1.40245429  2.17747264
  2.3251568   2.09882398  2.10479132  1.54096836]
[ 2.38240101  2.75996277  1.64263103  2.55356895  1.40244711  2.17753524
  2.32812796  2.1003486   2.10405437  1.5405689 ]
[ 2.3876185   2.75988347  1.64214038  2.55285043  1.40245569  2.17728359
  2.33010248  2.10176637  2.10234706  1.54025652]
[ 2.39072778  2.76011515  1.64160285  2.54820968  1.40236699  2.1769843
  2.33053132  2.10311118  2.0998404   1.54016126]
[ 2.38937423  2.76130178  1.64132599  2.54109856  1.40196111  2.1768488
  2.32794287  2.1043454   2.09728454  1.54028721]
[ 2.3856507   2.76433021  1.6416967   2.53505741  1.40127191  2.17797478
  2.32452133  2.10559413  2.09563108  1.54020474]
[ 2.38231538  2.76841476  1.64255746  2.53004042  1.40054678  2.17984284
  2.32143562  2.1068143   2.09436387  1.53998609]
[ 2.38071746  2.77197816  1.643051    2.53013759  1.39985537  2.18210595
  2.31972596  2.10820909  2.09450294  1.53970565]
[ 2.38209673  2.77424485  1.6428562   2.53810827  1.39934159  2.18443903
  2.32030588  2.10972379  2.09648451  1.53928283]
[ 2.38834408  2.77356684  1.64150008  2.55061043  1.39932018  2.18569493
  2.32461216  2.11097099  2.09905516  1.53882971]
[ 2.3968702   2.77212064  1.63993447  2.56275845  1.39945168  2.18619221
  2.33025939  2.11194103  2.10136632  1.53847979]
[ 2.40422866  2.77103207  1.63855406  2.57126126  1.39957073  2.18635657
  2.33462554  2.11264123  2.10238525  1.53817084]
[ 2.40842603  2.7709756   1.63742144  2.57251245  1.39954374  2.1863796
  2.33650501  2.11315766  2.10161361  1.53811921]
[ 2.40703074  2.77255266  1.63679501  2.56842925  1.39912572  2.18652203
  2.33456457  2.11351832  2.10002522  1.53834609]
[ 2.40275408  2.77648183  1.63693247  2.56396536  1.39836349  2.18787025
  2.3314343   2.11388563  2.09909206  1.53838776]
[ 2.39855995  2.78176144  1.63760798  2.55934043  1.397545    2.18980592
  2.32832815  2.11420249  2.09826353  1.53828559]
[ 2.39478645  2.7871428   1.63816696  2.55444623  1.39677428  2.19168219
  2.32512512  2.11472301  2.09702961  1.53810079]
[ 2.39228229  2.79185845  1.63827588  2.55051638  1.39619939  2.19305309
  2.32212448  2.11546613  2.09515802  1.53780119]
[ 2.39449874  2.79354091  1.63724953  2.54959722  1.39616357  2.1931438
  2.322412    2.11597637  2.09324673  1.53746374]
[ 2.40042987  2.7939172   1.63599032  2.55314774  1.39632914  2.19269084
  2.32579887  2.1161894   2.09285568  1.53706718]
[ 2.40803092  2.79413464  1.63533993  2.56196349  1.39657339  2.19233994
  2.33126143  2.11604574  2.09427927  1.5363331 ]
[ 2.41521842  2.79509601  1.63536591  2.57072096  1.39676075  2.1922461
  2.33707097  2.11562123  2.09619299  1.53549783]
[ 2.41809102  2.79748506  1.63606563  2.57700304  1.39658302  2.19248012
  2.34022262  2.11509427  2.09825423  1.53479945]
[ 2.41782859  2.80203901  1.63744335  2.58208614  1.39603407  2.19396666
  2.3417794   2.11475256  2.10075486  1.53400803]
[ 2.41681223  2.80787866  1.63911029  2.58462887  1.39534916  2.19603836
  2.34234673  2.11450966  2.10284039  1.5332591 ]
[ 2.41488586  2.8141217   1.64056296  2.58253753  1.39462334  2.19794251
  2.34111907  2.11459475  2.10338735  1.53260309]
[ 2.41244661  2.82033406  1.64165241  2.57500257  1.3940147   2.19909694
  2.33764078  2.1150627   2.10116353  1.53198289]
[ 2.41284471  2.8240073   1.64165754  2.56367087  1.39389367  2.19867128
  2.33457962  2.11566776  2.09638479  1.53150232]
[ 2.41564003  2.82654777  1.64129218  2.5519279   1.39394184  2.19747119
  2.33255904  2.11634185  2.09115473  1.53115339]
[ 2.41974659  2.82849929  1.64110782  2.54525406  1.3940581   2.19637115
  2.33229251  2.11699698  2.08744417  1.53064347]
[ 2.42458211  2.83049675  1.64147088  2.54286688  1.39417482  2.19576133
  2.33383689  2.11761517  2.08557307  1.52996286]
[ 2.42656409  2.83334188  1.64263504  2.54270335  1.39399243  2.19571798
  2.33458403  2.11816846  2.08539113  1.5292556 ]
[ 2.42661219  2.83784119  1.64472122  2.54465141  1.39350097  2.19715946
  2.33512807  2.11889597  2.08669271  1.52833685]
[ 2.42689685  2.84323327  1.64725247  2.5469242   1.39288557  2.19947587
  2.33586209  2.11967096  2.08852419  1.52739819]
[ 2.42765306  2.84835284  1.64942223  2.5499631   1.39221979  2.20203763
  2.3366785   2.1206144   2.09067879  1.52654129]
[ 2.42944174  2.85270727  1.65101852  2.55421672  1.39167174  2.20430674
  2.33762842  2.12171523  2.09246717  1.52569098]
[ 2.43493061  2.85411463  1.65130973  2.55859268  1.39163138  2.20519304
  2.34039927  2.12282337  2.09302302  1.52494567]
[ 2.44233543  2.85435241  1.65109316  2.5611258   1.39176556  2.2051703
  2.34360184  2.12404985  2.09253733  1.52439243]
[ 2.4488012   2.85419182  1.65063581  2.56136853  1.39191519  2.20482192
  2.34572015  2.12543271  2.09103957  1.52395484]
[ 2.45318893  2.85403484  1.64988802  2.55746513  1.3919703   2.20441561
  2.34597706  2.12692896  2.08859744  1.52376651]
[ 2.45270223  2.85487484  1.64929559  2.55032759  1.39165999  2.20418671
  2.34287175  2.12842691  2.08598744  1.52383739]
[ 2.44920535  2.85758574  1.649253    2.5431714   1.39101653  2.20521436
  2.3383457   2.13004626  2.08402432  1.52381477]
[ 2.44584316  2.8613661   1.64963096  2.53647737  1.39027628  2.20701138
  2.33390901  2.13160695  2.08244666  1.52373624]
[ 2.44389395  2.86489375  1.64978321  2.53379149  1.38952455  2.20917175
  2.33062105  2.13329682  2.08217351  1.52361299]
[ 2.44472912  2.86738315  1.64939105  2.53847269  1.38891676  2.21142457
  2.32956446  2.13514496  2.0838481   1.52336345]
[ 2.45092427  2.86675978  1.6477709   2.54886587  1.3888294   2.21268005
  2.33252336  2.13674198  2.08651219  1.5230792 ]
[ 2.45991097  2.86528951  1.64595164  2.56062738  1.38890348  2.21330694
  2.33737852  2.1381034   2.08947642  1.52283185]
[ 2.46826131  2.86399927  1.64433686  2.57095207  1.38898755  2.21374292
  2.34183494  2.13928345  2.09182667  1.52256734]
[ 2.4743455   2.8634214   1.64289993  2.57609915  1.38897312  2.21415964
  2.34448807  2.14024735  2.09285434  1.5224485 ]
[ 2.47488891  2.86452669  1.64194951  2.57600379  1.38856868  2.21474688
  2.34340015  2.14104587  2.09300606  1.52252528]
[ 2.4721089   2.86799286  1.64164629  2.5745149   1.38783192  2.21649585
  2.34057192  2.14193186  2.0932666   1.52247701]
[ 2.46910671  2.87280615  1.64175174  2.57181437  1.38703594  2.2187761
  2.33732901  2.14275035  2.09320149  1.52235108]
[ 2.46615807  2.87799078  1.64182379  2.56728747  1.38628042  2.22091346
  2.33360635  2.14384638  2.09225282  1.52216881]
[ 2.46384064  2.88306013  1.64165652  2.56102175  1.38569112  2.22247187
  2.32948131  2.14535299  2.08989496  1.52191159]
[ 2.46558791  2.88541964  1.64048057  2.55457814  1.38563207  2.22262964
  2.32753588  2.14668105  2.08633683  1.52168755]
[ 2.47014413  2.88689464  1.63919043  2.54940078  1.38573371  2.22213937
  2.32747163  2.14772198  2.08311862  1.52147177]
[ 2.47575627  2.8882767   1.63851354  2.54889829  1.38588625  2.22174407
  2.32919024  2.14836704  2.08147112  1.52101316]
[ 2.48161234  2.89024386  1.63872952  2.55137772  1.38600897  2.22177806
  2.33235151  2.14849372  2.08124957  1.52034642]
[ 2.48393665  2.89372177  1.63998757  2.5545507   1.38576778  2.22234577
  2.33432689  2.1482527   2.08229469  1.51961755]
[ 2.48376814  2.89932144  1.64220227  2.55848265  1.38518712  2.2242896
  2.33566964  2.14810508  2.08434058  1.51871103]
[ 2.48363739  2.90597018  1.64481464  2.56183232  1.38450393  2.22692473
  2.33688217  2.14796571  2.0865047   1.51778707]
[ 2.48346727  2.91260086  1.64716377  2.56337941  1.38382399  2.2294956
  2.33745524  2.14813309  2.08799154  1.516923  ]
[ 2.48360595  2.91873721  1.64904793  2.56263071  1.3832935   2.23146555
  2.33713931  2.14874615  2.08789768  1.51608668]
[ 2.48704606  2.92186067  1.64964486  2.5595815   1.38330513  2.23186587
  2.33785128  2.14948068  2.08569116  1.51539158]
[ 2.49237088  2.92379769  1.64977126  2.55422671  1.38349488  2.2313315
  2.33887356  2.15037642  2.08234604  1.51486551]
[ 2.49720877  2.92523225  1.64975145  2.54851313  1.38370724  2.23057867
  2.33960997  2.15141626  2.07871777  1.51439907]
[ 2.50108365  2.92663797  1.6497245   2.54224676  1.38385501  2.22999212
  2.33999644  2.15244502  2.07532519  1.51403521]
[ 2.50086489  2.92908807  1.65020493  2.53533972  1.38362168  2.22980638
  2.33832436  2.15336758  2.07282731  1.51380149]
[ 2.49801671  2.93333497  1.65147423  2.52956595  1.38302908  2.23102864
  2.335846    2.15443682  2.07156088  1.51345835]
[ 2.4955977   2.93844972  1.6532315   2.52472364  1.3823019   2.23312524
  2.33367589  2.15544804  2.07104842  1.51308341]
[ 2.49473761  2.9430014   1.65466776  2.52412843  1.38154559  2.23559688
  2.33262016  2.15658875  2.07210404  1.51271255]
[ 2.49641953  2.94628965  1.65544619  2.53005601  1.38092608  2.23806405
  2.3333699   2.15790358  2.07492597  1.51228425]
[ 2.50319674  2.94622364  1.65482127  2.54056011  1.38085519  2.23938947
  2.33745141  2.1591022   2.07816799  1.51188012]
[ 2.51259577  2.94511473  1.65382973  2.55155752  1.38096565  2.23996128
  2.3428881   2.16032892  2.08123266  1.51154917]
[ 2.52110238  2.94387685  1.65279219  2.56051466  1.38109487  2.24026645
  2.3475431   2.16174492  2.08337156  1.51126125]
[ 2.52728345  2.94290615  1.65157491  2.56407749  1.38114087  2.24049531
  2.35004857  2.16327063  2.08400454  1.51116636]
[ 2.52779324  2.94333277  1.65059283  2.5621142   1.38080047  2.24084663
  2.34860365  2.16480606  2.0837      1.51130334]
[ 2.5246685   2.9458919   1.65007271  2.55840393  1.38013061  2.24232251
  2.34505561  2.16650997  2.08336692  1.51139008]
[ 2.52129597  2.94956476  1.64983201  2.55363291  1.37939     2.24436135
  2.34095059  2.16810257  2.08277887  1.51145588]
[ 2.51820145  2.9534636   1.64953775  2.54799039  1.37866396  2.24636229
  2.33662117  2.16991389  2.08173363  1.51148723]
[ 2.51612693  2.95721345  1.64905551  2.5421232   1.37806747  2.24798504
  2.33248978  2.17208428  2.08001241  1.51143713]
[ 2.51861591  2.95820507  1.64754038  2.53756955  1.3779897   2.24838088
  2.33097935  2.17407878  2.07763126  1.51139823]
[ 2.52415562  2.95848148  1.6459557   2.53491184  1.37805582  2.24823277
  2.33146633  2.17585416  2.07581051  1.51133642]
[ 2.53040165  2.9588358   1.64492638  2.53612855  1.37815507  2.24819571
  2.33335751  2.17736632  2.07524991  1.51109028]
[ 2.53655484  2.95981235  1.64466004  2.53934197  1.37821824  2.24855366
  2.33613584  2.17837628  2.07564239  1.51069422]
[ 2.53887612  2.96239219  1.64539518  2.54250012  1.37790335  2.24941366
  2.33741121  2.17896314  2.07697621  1.510234  ]
[ 2.53857792  2.96715692  1.64703895  2.54606202  1.37726247  2.25160315
  2.337866    2.17961362  2.07903866  1.50960871]
[ 2.53846002  2.97295621  1.64905959  2.54908267  1.37654653  2.25443772
  2.3382098   2.18018782  2.08108152  1.50894392]
[ 2.53850241  2.9787722   1.65086484  2.55048637  1.37586381  2.25716489
  2.33810336  2.1811431   2.08240586  1.50829727]
[ 2.5389696   2.98422943  1.65227653  2.54966379  1.37533912  2.25930085
  2.33736095  2.18273961  2.08223196  1.50765369]
[ 2.5429813   2.98665555  1.65241816  2.54687894  1.37537313  2.25989785
  2.3378446   2.18445454  2.08004585  1.50713578]
[ 2.54891092  2.98804693  1.6521744   2.54175314  1.37558292  2.25957154
  2.33867765  2.18626808  2.07675472  1.50674457]
