[[ 1.07558347 -0.75029103 -0.54262418  0.72779693  0.22729007 -0.16346919
   0.20189585 -0.19791816  0.15555165 -0.00475415]]
[[ 1.10419824 -0.68112317 -0.60470229  0.65076079  0.13442743 -0.06773978
   0.13210425 -0.29005193  0.24551297  0.07487492]]
[[ 1.12954976 -0.60773392 -0.65952075  0.56995457  0.0433797   0.0305934
   0.06085672 -0.37923402  0.33327049  0.15158322]]
[[ 1.15177279 -0.53178927 -0.70512807  0.48679289 -0.04448417  0.13172634
  -0.00855927 -0.46278991  0.4201071   0.22485419]]
[[ 1.17132252 -0.45343851 -0.7393058   0.40304492 -0.12843414  0.23048576
  -0.07334863 -0.54107375  0.50411524  0.29474118]]
[[ 1.18849713 -0.37259908 -0.76305306  0.31941528 -0.20873054  0.32701865
  -0.12968041 -0.61424558  0.58400892  0.36143265]]
[[ 1.20344856 -0.28997677 -0.77883505  0.23596453 -0.28537382  0.42137686
  -0.17514447 -0.68216626  0.6591858   0.42476777]]
[[ 1.21625264 -0.20662997 -0.7892498   0.15239997 -0.35822562  0.51270992
  -0.2112254  -0.74516358  0.72760946  0.48441756]]
[[ 1.22677007 -0.12601714 -0.79708828  0.06942769 -0.42678926  0.59882411
  -0.24179666 -0.80295207  0.78397288  0.53980098]]
[[ 1.23486755 -0.05245693 -0.80260408 -0.01116383 -0.49009196  0.67837549
  -0.26966365 -0.85508173  0.82598374  0.59025797]]
[[ 1.24050114  0.01001299 -0.8054005  -0.08619042 -0.54679415  0.75048156
  -0.29570977 -0.90094085  0.85597788  0.63508854]]
[[ 1.24397603  0.05907913 -0.80524252 -0.15170915 -0.5963304   0.81528611
  -0.31829995 -0.94018113  0.87941947  0.67421103]]
[[ 1.2458792   0.09380204 -0.80241907 -0.20308351 -0.63912025  0.8737606
  -0.33149952 -0.97297513  0.90486425  0.70802171]]
[[ 1.24664791  0.11607664 -0.79796647 -0.23990228 -0.67616034  0.92705737
  -0.33315962 -1.00070531  0.93555339  0.73716648]]
[[ 1.24655759  0.12808115 -0.79311561 -0.2649587  -0.70887745  0.97566593
  -0.3249276  -1.02460418  0.96959307  0.76269182]]
[[ 1.24570219  0.13220737 -0.78868252 -0.2816309  -0.73826701  1.01964341
  -0.31171639 -1.04533401  1.00366704  0.78535006]]
[[ 1.24408544  0.13109241 -0.7847941  -0.29392867 -0.76499111  1.05936473
  -0.30387873 -1.06350913  1.03092208  0.80573995]]
[[ 1.2419344   0.12641177 -0.78101425 -0.3056999  -0.78966286  1.09646534
  -0.31088846 -1.07961004  1.0407788   0.82469015]]
[[ 1.23948875  0.11893337 -0.77599734 -0.31882882 -0.81275495  1.13274152
  -0.32948688 -1.0938708   1.0339807   0.84270076]]
[[ 1.23684635  0.10790606 -0.76942269 -0.3324801  -0.83451247  1.16939037
  -0.35076904 -1.106954    1.01558149  0.85962119]]
[[ 1.23396955  0.09034474 -0.76243934 -0.34330255 -0.85539233  1.20604564
  -0.35980026 -1.12018223  0.99600078  0.87486169]]
[[ 1.23086281  0.06273927 -0.75797342 -0.34668729 -0.87591804  1.24073218
  -0.3437044  -1.13438689  0.98996791  0.88774252]]
[[ 1.22742005  0.02415309 -0.75928824 -0.34094003 -0.89600971  1.27081186
  -0.3105066  -1.1486548   0.99691501  0.89795508]]
[[ 1.2236247  -0.02441362 -0.76698097 -0.3270732  -0.91571129  1.29525481
  -0.26785308 -1.16224036  1.01088177  0.90584247]]
[[ 1.21959895 -0.07928544 -0.77841225 -0.30759077 -0.93484154  1.31451747
  -0.22356797 -1.17499026  1.02488881  0.91200606]]
[[ 1.21558894 -0.13469246 -0.79032672 -0.2865441  -0.9528687   1.33014797
  -0.18992355 -1.1865223   1.03079026  0.91725024]]
[[ 1.21200465 -0.18658253 -0.80002918 -0.26772859 -0.96945632  1.3445358
  -0.17195314 -1.19682437  1.02531788  0.92250473]]
[[ 1.20876138 -0.23555312 -0.80682731 -0.25118697 -0.98483618  1.35890271
  -0.160532   -1.20617972  1.01434298  0.92751123]]
[[ 1.20555881 -0.28495115 -0.81168574 -0.23394491 -0.99926783  1.37457522
  -0.14353917 -1.21486675  1.00533317  0.93159321]]
[[ 1.2022167  -0.33785373 -0.8159793  -0.21326657 -1.01325109  1.39146463
  -0.11585347 -1.22313313  1.00235883  0.93434545]]
[[ 1.19872239 -0.3958998  -0.82095346 -0.18767023 -1.02726799  1.40817962
  -0.07924187 -1.23107547  1.00463071  0.93564482]]
[[ 1.19508271 -0.45751176 -0.82688082 -0.15875495 -1.04124666  1.42266862
  -0.04200778 -1.23857328  1.00845333  0.93565515]]
[[ 1.19145278 -0.52000075 -0.83371965 -0.1294345  -1.05482398  1.4343002
  -0.01622809 -1.24555455  1.0089015   0.9349501 ]]
[[ 1.187882   -0.58157052 -0.84145823 -0.10181462 -1.06753068  1.44282579
  -0.00762726 -1.25196324  1.00378791  0.9340404 ]]
[[ 1.18431499 -0.64075476 -0.84976359 -0.07623917 -1.07882429  1.44850781
  -0.01342632 -1.2576943   0.99381763  0.93325999]]
[[ 1.18093381 -0.69606059 -0.8577924  -0.05095068 -1.08849918  1.45238065
  -0.02659792 -1.26261172  0.98121196  0.93294635]]
[[ 1.17780765 -0.74605466 -0.8641195  -0.02320845 -1.09683438  1.45443899
  -0.03846615 -1.26664039  0.96912685  0.93286101]]
[[ 1.17502944 -0.78887936 -0.86707189  0.00882501 -1.10383206  1.45631307
  -0.04282857 -1.27006623  0.95905967  0.93281228]]
[[ 1.17265046 -0.82415976 -0.86658292  0.04485499 -1.10977477  1.45910265
  -0.03888215 -1.27314162  0.95139398  0.93254057]]
[[ 1.17062505 -0.85373159 -0.8636401   0.0833449  -1.1151845   1.46225159
  -0.02935593 -1.2759647   0.94527873  0.93173991]]
[[ 1.16872945 -0.87965094 -0.85946729  0.11949409 -1.12019925  1.46420686
  -0.02423882 -1.27900202  0.93832801  0.93038575]]
[[ 1.16672995 -0.90530875 -0.85587602  0.14949297 -1.12490696  1.46388979
  -0.03181547 -1.28243336  0.92915159  0.92872435]]
[[ 1.16442343 -0.9328463  -0.85425374  0.17166917 -1.12927292  1.46050034
  -0.0520759  -1.28611831  0.91713427  0.92697407]]
[[ 1.16175215 -0.96259196 -0.85479662  0.18676614 -1.13299445  1.45378031
  -0.08112791 -1.2899138   0.90251379  0.92536562]]
[[ 1.15891837 -0.99433569 -0.8572141   0.19912632 -1.13613044  1.44396117
  -0.11208218 -1.29348195  0.88795112  0.92399108]]
[[ 1.15616619 -1.0255667  -0.86045877  0.21477632 -1.13910871  1.43120945
  -0.13338597 -1.296623    0.87767908  0.92251413]]
[[ 1.15375807 -1.05196734 -0.86293891  0.23701607 -1.14167671  1.41825002
  -0.13813082 -1.29956484  0.87279224  0.92090852]]
[[ 1.15180208 -1.07196723 -0.86399043  0.26534814 -1.14375977  1.407106
  -0.12878095 -1.30252026  0.87270528  0.91906695]]
[[ 1.15031254 -1.08538477 -0.86332267  0.29649058 -1.1454436   1.39765386
  -0.11182304 -1.30549151  0.87498086  0.91693922]]
[[ 1.14905242 -1.09355485 -0.86114875  0.32247057 -1.14650382  1.38843386
  -0.09888639 -1.30889637  0.87541464  0.91475379]]
[[ 1.1476801  -1.10144683 -0.85884987  0.33898066 -1.14728136  1.37680999
  -0.09781004 -1.31278364  0.87284716  0.91268053]]
[[ 1.1458756  -1.11207392 -0.85761313  0.3449321  -1.14799384  1.36107275
  -0.10863137 -1.31672154  0.86682199  0.91077287]]
[[ 1.14361043 -1.12640977 -0.85769429  0.34296281 -1.14844735  1.34058607
  -0.12819925 -1.32031589  0.8577657   0.90917041]]
[[ 1.14114994 -1.14443623 -0.85895538  0.3385084  -1.1485134   1.31543554
  -0.15162579 -1.3230967   0.84761509  0.90796559]]
[[ 1.1389046  -1.16319166 -0.86055509  0.33770615 -1.14829159  1.28629088
  -0.17302152 -1.32456745  0.83922442  0.90699419]]
[[ 1.13720032 -1.17733583 -0.86096552  0.3431948  -1.14730707  1.25766045
  -0.1882534  -1.32549244  0.83317594  0.90632428]]
[[ 1.1360791  -1.18562995 -0.86007565  0.35398087 -1.14559393  1.23252619
  -0.19582237 -1.32646734  0.8297655   0.90572179]]
[[ 1.13538397 -1.18871525 -0.85824881  0.36786594 -1.14368498  1.2113114
  -0.19658768 -1.32770637  0.82875685  0.90488199]]
[[ 1.13467837 -1.18725225 -0.85571181  0.3770782  -1.14156838  1.19287253
  -0.19752889 -1.32961621  0.82704994  0.90384133]]
[[ 1.13352321 -1.18489456 -0.85332688  0.37629738 -1.13989188  1.17333544
  -0.20492095 -1.33214455  0.82345783  0.90260102]]
[[ 1.13156378 -1.18362659 -0.85183726  0.36350351 -1.13906817  1.15049636
  -0.22020837 -1.33495903  0.81685303  0.90119648]]
[[ 1.1289128  -1.18399876 -0.85117541  0.34087991 -1.13882744  1.12354787
  -0.24191356 -1.33779247  0.80702258  0.89982385]]
[[ 1.12594725 -1.18602182 -0.85126994  0.3131699  -1.13897475  1.0925004
  -0.26633176 -1.34030549  0.79552139  0.89859894]]
[[ 1.12312281 -1.18977933 -0.8518299   0.28904191 -1.13936973  1.0585028
  -0.288217   -1.34173011  0.78595574  0.89744629]]
[[ 1.12073098 -1.19144115 -0.85168348  0.27324029 -1.13917228  1.02728266
  -0.30382296 -1.34268548  0.77948262  0.89651722]]
[[ 1.11879465 -1.19020735 -0.85073467  0.26555978 -1.13823314  1.00143656
  -0.31260593 -1.34340274  0.77644912  0.89568376]]
[[ 1.11712052 -1.18663793 -0.84918173  0.26419208 -1.1371195   0.98071706
  -0.31611177 -1.3439422   0.77650814  0.89473532]]
[[ 1.1154191  -1.1808682  -0.84706746  0.26181109 -1.13566744  0.96315661
  -0.31938024 -1.34462778  0.77599182  0.89367962]]
[[ 1.11354027 -1.17617089 -0.84527576  0.25459988 -1.13454376  0.94269905
  -0.32655676 -1.34499906  0.77374238  0.89241939]]
[[ 1.11123987 -1.17435606 -0.84454168  0.24141305 -1.13407425  0.91686625
  -0.33825355 -1.34462868  0.76880983  0.89097111]]
[[ 1.10868616 -1.17568863 -0.84464572  0.22429371 -1.13380424  0.88507997
  -0.35366779 -1.34327227  0.76106624  0.88955516]]
[[ 1.10608369 -1.17893009 -0.84523767  0.20514904 -1.13338184  0.8482963
  -0.37115472 -1.34085578  0.75142956  0.88833247]]
[[ 1.10357557 -1.18321638 -0.84592114  0.18891246 -1.1328684   0.80928003
  -0.38790593 -1.33690108  0.74281475  0.88729742]]
[[ 1.10115501 -1.18528267 -0.84576035  0.17845863 -1.13168949  0.77587477
  -0.40076108 -1.33298445  0.73642855  0.88653838]]
[[ 1.09858806 -1.18461273 -0.84506716  0.17354141 -1.13008127  0.75082041
  -0.40817011 -1.32967234  0.7333339   0.88579793]]
[[ 1.09550269 -1.18220059 -0.84434224  0.17424837 -1.12891104  0.73345815
  -0.41031324 -1.32695177  0.73439528  0.88476218]]
[[ 1.09194905 -1.17825028 -0.8435661   0.17275605 -1.12753705  0.72149875
  -0.41120192 -1.3248953   0.73539169  0.88348946]]
[[ 1.08815103 -1.17428338 -0.84308857  0.16240914 -1.12653516  0.7095311
  -0.41516833 -1.3231016   0.734209    0.88193395]]
[[ 1.08399542 -1.17138042 -0.84333614  0.14058035 -1.12637602  0.69593955
  -0.42328228 -1.32155274  0.72942651  0.8801405 ]]
[[ 1.07991124 -1.16999027 -0.84398605  0.10995941 -1.12654731  0.67966881
  -0.43484304 -1.3200391   0.72077365  0.87837808]]
[[ 1.07630732 -1.1697678  -0.8447737   0.07539669 -1.126355    0.65927381
  -0.44858777 -1.31776448  0.70909108  0.87685909]]
[[ 1.07351826 -1.17094533 -0.84535199  0.04553778 -1.12534935  0.63439163
  -0.46257332 -1.31307905  0.69703377  0.87573219]]
[[ 1.07160133 -1.17124609 -0.8447564   0.02439114 -1.12289158  0.61115533
  -0.47453587 -1.30764288  0.68560907  0.8752249 ]]
[[ 1.069833   -1.16985677 -0.84340913  0.01140358 -1.11956421  0.59226516
  -0.48304792 -1.30224704  0.67630654  0.87503263]]
[[ 1.06715713 -1.16678232 -0.84210148  0.0081894  -1.11712916  0.57804529
  -0.48713679 -1.29719872  0.67224327  0.874659  ]]
[[ 1.06353897 -1.16258628 -0.84116328  0.00958028 -1.11553437  0.56654564
  -0.48870755 -1.29257242  0.67086868  0.87400403]]
[[ 1.05943048 -1.15909901 -0.84100549  0.00963865 -1.11505203  0.55240541
  -0.49131614 -1.28718727  0.66989722  0.87293561]]
[[ 1.05480668 -1.15736639 -0.84190283  0.00519783 -1.11572754  0.53472138
  -0.49607446 -1.28090538  0.66737923  0.87150063]]
[[ 1.05025175 -1.15740725 -0.84329284 -0.00443503 -1.11675015  0.51329182
  -0.50290038 -1.27391715  0.66192747  0.87002701]]
[[ 1.04600726 -1.15771459 -0.84483815 -0.01879703 -1.11784355  0.48878753
  -0.5108605  -1.26672479  0.65424145  0.8686596 ]]
[[ 1.04203126 -1.15810939 -0.8463619  -0.03042953 -1.11887584  0.46230414
  -0.51825142 -1.25842678  0.64755512  0.86746707]]
[[ 1.03846371 -1.15700957 -0.84690791 -0.03588425 -1.11905171  0.44002526
  -0.52341713 -1.25124642  0.64234907  0.86675655]]
[[ 1.03499622 -1.15436766 -0.84669967 -0.03569245 -1.11842269  0.42303659
  -0.52601384 -1.24532806  0.63898249  0.86636081]]
[[ 1.03107177 -1.15068021 -0.84615421 -0.02993389 -1.11785945  0.41052109
  -0.52671941 -1.24008642  0.63815034  0.8659781 ]]
[[ 1.02712471 -1.1464157  -0.84535058 -0.02587824 -1.11696193  0.39950594
  -0.5275485  -1.23500274  0.63584897  0.86564151]]
[[ 1.02367646 -1.14287808 -0.84470622 -0.02899642 -1.11611512  0.38496943
  -0.53093534 -1.22826975  0.63066093  0.86512904]]
[[ 1.02020295 -1.1409582  -0.84484936 -0.04012744 -1.11576451  0.36722111
  -0.53684261 -1.21969624  0.62228656  0.86431292]]
[[ 1.01705622 -1.1405679  -0.84539841 -0.05855625 -1.11548341  0.34710767
  -0.54432364 -1.21034957  0.61054219  0.86344321]]
[[ 1.01411518 -1.14010701 -0.84611805 -0.08275483 -1.1154555   0.3269081
  -0.55220514 -1.20184514  0.59745654  0.86254256]]
[[ 1.01093623 -1.13927751 -0.8470195  -0.103288   -1.11586966  0.30789579
  -0.55877958 -1.19377753  0.5875882   0.86159555]]
[[ 1.0076648  -1.13674235 -0.84718977 -0.11670546 -1.11593736  0.29533413
  -0.56256963 -1.18884916  0.58131089  0.86098325]]
[[ 1.00429458 -1.13272588 -0.84674134 -0.12374405 -1.11542247  0.28882238
  -0.56367722 -1.18634494  0.57816621  0.86061819]]
[[ 1.00076926 -1.12797208 -0.8459187  -0.12535613 -1.11477181  0.28655958
  -0.56335341 -1.18475     0.57742007  0.86030107]]
[[ 0.99787252 -1.1229031  -0.84465447 -0.12976191 -1.11351881  0.28463804
  -0.5635085  -1.18312274  0.57392657  0.86014364]]
[[ 0.99615566 -1.11857927 -0.84332764 -0.14105829 -1.11202936  0.27735089
  -0.56620824 -1.17890547  0.56638474  0.85988898]]
[[ 0.99464788 -1.11593314 -0.84276353 -0.15593444 -1.11086555  0.26427275
  -0.57103874 -1.17146363  0.55572411  0.85934962]]
[[ 0.99338049 -1.11493604 -0.84266658 -0.17301688 -1.10972826  0.24614848
  -0.57687397 -1.16216151  0.54257632  0.85875008]]
[[ 0.99211151 -1.11400666 -0.84277923 -0.19228077 -1.10885722  0.22724689
  -0.58273955 -1.15356727  0.52928204  0.85807389]]
[[ 0.99021647 -1.11264676 -0.84318043 -0.20546243 -1.10865902  0.2103664
  -0.58723448 -1.14611069  0.52095033  0.85724249]]
[[ 0.98778543 -1.10960024 -0.84303387 -0.21082529 -1.10852786  0.20087188
  -0.58896926 -1.14297369  0.51773737  0.85665319]]
[[ 0.98508777 -1.105243   -0.84239144 -0.21098167 -1.1080476   0.19795958
  -0.58834708 -1.14294978  0.51788305  0.8562498 ]]
[[ 0.9824509  -1.10047955 -0.84138776 -0.20875092 -1.10732722  0.19935341
  -0.58686349 -1.14384772  0.519204    0.85588768]]
[[ 0.98068091 -1.09572023 -0.83990772 -0.21343231 -1.10584464  0.20097246
  -0.58614015 -1.14456518  0.51620081  0.85567384]]
[[ 0.98029305 -1.09184456 -0.8382378  -0.22922086 -1.10381837  0.19813179
  -0.5880057  -1.14233914  0.50760259  0.85532908]]
[[ 0.98005836 -1.08986935 -0.83731618 -0.24972373 -1.10187376  0.19037459
  -0.59184398 -1.13655807  0.49525594  0.85467859]]
[[ 0.97976567 -1.08972309 -0.8369211  -0.27136201 -1.09993116  0.17762468
  -0.59637469 -1.12860135  0.480916    0.85394177]]
[[ 0.97939814 -1.08997583 -0.83673806 -0.29381368 -1.09811669  0.16335733
  -0.60090567 -1.12077077  0.46633952  0.85313836]]
[[ 0.97850933 -1.0899595  -0.83680524 -0.3090129  -1.09682482  0.14972638
  -0.60442301 -1.1135521   0.45611355  0.85224085]]
[[ 0.97696954 -1.08833858 -0.83639702 -0.31419209 -1.09580529  0.1413391
  -0.60542147 -1.11046267  0.45169466  0.85162978]]
[[ 0.97493769 -1.08540777 -0.83564886 -0.3115377  -1.09478423  0.13792447
  -0.60421733 -1.11026165  0.45183621  0.85116791]]
[[ 0.97258132 -1.08211049 -0.8347661  -0.30260952 -1.0939311   0.1377792
  -0.60209804 -1.11058813  0.45479145  0.85066264]]
[[ 0.97057837 -1.07907021 -0.83361849 -0.2970476  -1.09277558  0.13719379
  -0.60043763 -1.11038366  0.45494754  0.85019118]]
[[ 0.96978738 -1.07699719 -0.83229124 -0.30209546 -1.09123754  0.13204147
  -0.60118709 -1.10663396  0.44958565  0.84948237]]
[[ 0.96913935 -1.07678225 -0.83169773 -0.31071003 -1.08978365  0.12129409
  -0.60378952 -1.09888824  0.44041718  0.84849214]]
[[ 0.9684457  -1.07829917 -0.83161637 -0.31972762 -1.08831029  0.10412613
  -0.60702061 -1.08837907  0.42932532  0.84745479]]
[[ 0.9679734  -1.08035141 -0.83167413 -0.33089135 -1.08666317  0.08383225
  -0.61037752 -1.0770995   0.41703614  0.8463956 ]]
[[ 0.96742756 -1.08222451 -0.83184243 -0.33850879 -1.08508731  0.06356049
  -0.61311662 -1.06593853  0.40707221  0.8453428 ]]
[[ 0.96651142 -1.08250715 -0.83142917 -0.33914256 -1.08358872  0.04855066
  -0.6136433  -1.05932963  0.40188435  0.84466707]]
[[ 0.96508269 -1.08131139 -0.8307154  -0.3323972  -1.08217114  0.03947153
  -0.61205035 -1.05638648  0.40170251  0.84412995]]
[[ 0.96297785 -1.07953101 -0.83010879 -0.31610835 -1.08122093  0.0348232
  -0.60933447 -1.05443441  0.40640359  0.84347423]]
[[ 0.96080102 -1.07809999 -0.82951835 -0.30170453 -1.08015119  0.03108581
  -0.60667413 -1.0521171   0.41010812  0.84274832]]
[[ 0.95973501 -1.07766905 -0.82875678 -0.30182836 -1.07854681  0.02575031
  -0.60620309 -1.04642324  0.40810499  0.84163376]]
[[ 0.95894599 -1.07899995 -0.82862839 -0.31035031 -1.07679561  0.01711763
  -0.607629   -1.03678017  0.40132104  0.8402267 ]]
[[ 0.95820536 -1.08185466 -0.8289177  -0.32241519 -1.07490636  0.00269089
  -0.60979007 -1.02427821  0.39182528  0.83877662]]
[[ 0.95779918 -1.08515544 -0.8292749  -0.33739681 -1.07280251 -0.01601336
  -0.61225245 -1.01047674  0.38052979  0.83727081]]
[[ 0.95749698 -1.0882603  -0.82967604 -0.34886749 -1.07067724 -0.03687505
  -0.61439455 -0.9961093   0.37071155  0.83580347]]
[[ 0.95699585 -1.08982364 -0.82937055 -0.35360508 -1.0685368  -0.05448964
  -0.61462628 -0.9864237   0.36498377  0.83483115]]
[[ 0.95606352 -1.08980899 -0.8286691  -0.35014524 -1.06645102 -0.06720031
  -0.61293713 -0.98077831  0.36427817  0.8340548 ]]
[[ 0.95431702 -1.08890319 -0.82810781 -0.33232919 -1.06502877 -0.07602297
  -0.6101731  -0.97635413  0.36984331  0.8332108 ]]
[[ 0.95222116 -1.08811718 -0.82766631 -0.31102563 -1.06386325 -0.08478221
  -0.60741339 -0.97143614  0.37597075  0.83231332]]
[[ 0.95111071 -1.08822871 -0.82707355 -0.30254383 -1.06244028 -0.09580274
  -0.60683818 -0.96240957  0.37667838  0.8308536 ]]
[[ 0.95036816 -1.0899389  -0.82704455 -0.30277828 -1.06100438 -0.11082474
  -0.60827107 -0.94862168  0.37202419  0.82906159]]
[[ 0.94972154 -1.09303401 -0.8273876  -0.30828002 -1.05944011 -0.13156241
  -0.61046402 -0.93162874  0.36415167  0.8271841 ]]
[[ 0.94938444 -1.09647869 -0.82777579 -0.31855756 -1.05767873 -0.15517953
  -0.61290789 -0.91376638  0.35435618  0.82513247]]
[[ 0.9491157  -1.09961517 -0.8282053  -0.32669329 -1.05591785 -0.17902642
  -0.6150245  -0.89629846  0.34598001  0.82306185]]
[[ 0.94860487 -1.10119219 -0.82793735 -0.32949747 -1.05406449 -0.1978962
  -0.6152029  -0.88510466  0.34163417  0.82157538]]
[[ 0.94777651 -1.10123396 -0.82719427 -0.32705755 -1.05210576 -0.21062186
  -0.61356465 -0.87912879  0.3414594   0.82032735]]
[[ 0.94647402 -1.10043884 -0.82641671 -0.31540548 -1.05054793 -0.21878538
  -0.61113682 -0.87473911  0.34552331  0.81906129]]
[[ 0.94496413 -1.09974078 -0.82570093 -0.30253041 -1.04916728 -0.22650614
  -0.608787   -0.86994301  0.34948188  0.8177449 ]]
[[ 0.94442183 -1.09991343 -0.8248558  -0.3024553  -1.04761452 -0.23574924
  -0.60849175 -0.86092911  0.34834203  0.81561282]]
[[ 0.94420757 -1.10161402 -0.82460203 -0.30909106 -1.04622248 -0.24927357
  -0.61008913 -0.8467339   0.34225791  0.81312271]]
[[ 0.94396274 -1.1046381  -0.82478946 -0.31800686 -1.04484448 -0.26929799
  -0.61228808 -0.82905099  0.33378813  0.81056334]]
[[ 0.9438405  -1.1079302  -0.82509965 -0.32788431 -1.04345315 -0.29267969
  -0.61455632 -0.810721    0.32466826  0.80775356]]
[[ 0.94365576 -1.110746   -0.82550467 -0.33234366 -1.04219818 -0.31648026
  -0.61638828 -0.79323972  0.31802674  0.80488141]]
[[ 0.94290662 -1.11190595 -0.82540564 -0.3271931  -1.04087035 -0.33560233
  -0.61606714 -0.78274157  0.31726341  0.80279605]]
[[ 0.94185791 -1.11163576 -0.82483745 -0.31791608 -1.03926187 -0.34845162
  -0.6139865  -0.7778262   0.32041344  0.80099053]]
[[ 0.94069039 -1.11080099 -0.82404106 -0.30642269 -1.03770386 -0.35656352
  -0.6114613  -0.77439278  0.32515041  0.79918115]]
[[ 0.93957748 -1.11024159 -0.82313952 -0.29951971 -1.03614652 -0.36391328
  -0.60929425 -0.77047866  0.32778929  0.79725726]]
[[ 0.93953677 -1.11062945 -0.82204196 -0.30764919 -1.03446306 -0.3721568
  -0.60925394 -0.76211682  0.32475167  0.79411196]]
[[ 0.93978739 -1.11252068 -0.82155189 -0.32148735 -1.03308001 -0.38475931
  -0.61105326 -0.74811756  0.3169415   0.79061623]]
[[ 0.93985553 -1.11569154 -0.82158948 -0.33487759 -1.03181326 -0.40423628
  -0.61329039 -0.7302053   0.30765323  0.78715638]]
[[ 0.93984577 -1.11906289 -0.82183934 -0.34547928 -1.03064864 -0.42718637
  -0.61540871 -0.71169728  0.29901733  0.78341608]]
[[ 0.93963499 -1.12178454 -0.82222913 -0.34723915 -1.02972498 -0.45044052
  -0.6169882  -0.69442174  0.29387843  0.77959442]]
[[ 0.93856956 -1.12268756 -0.82230614 -0.33501746 -1.02871324 -0.469358
  -0.61619854 -0.6847697   0.29637038  0.77693175]]
[[ 0.93715438 -1.12221356 -0.82198668 -0.31879769 -1.02731604 -0.48200624
  -0.61366696 -0.68085299  0.30284467  0.77460474]]
[[ 0.93579119 -1.12143197 -0.82135936 -0.30501277 -1.02578652 -0.49002907
  -0.61092408 -0.67812245  0.309209    0.77225405]]
[[ 0.9346484  -1.12117572 -0.8205271  -0.30069713 -1.02414426 -0.4970861
  -0.60874115 -0.67465646  0.31196574  0.76964308]]
[[ 0.93473944 -1.12201122 -0.81939906 -0.31448932 -1.02240044 -0.50414587
  -0.608797   -0.66652017  0.30819892  0.76518682]]
[[ 0.93518009 -1.12433141 -0.81884143 -0.33470224 -1.02105388 -0.51529945
  -0.61071225 -0.65252763  0.29937599  0.7604116 ]]
[[ 0.93538294 -1.12784002 -0.8188468  -0.35292622 -1.01987619 -0.53375781
  -0.6129908  -0.63433304  0.28953491  0.7558791 ]]
[[ 0.93548346 -1.13154964 -0.81910277 -0.36694    -1.01874005 -0.55643495
  -0.6150584  -0.61530826  0.28064158  0.75114687]]
[[ 0.93537127 -1.13455985 -0.81950345 -0.37086288 -1.01776174 -0.57994779
  -0.61653737 -0.59755757  0.27539792  0.74642051]]
[[ 0.93419573 -1.1355416  -0.81972761 -0.35664919 -1.01658629 -0.59974513
  -0.61540185 -0.5880952   0.27934236  0.74343528]]
[[ 0.93251953 -1.13495328 -0.81968353 -0.33508576 -1.01500457 -0.61336183
  -0.61235751 -0.58465063  0.28852646  0.74091991]]
[[ 0.93078104 -1.13401185 -0.81942068 -0.31416033 -1.01333567 -0.62264577
  -0.60904725 -0.5821017   0.29814262  0.73850623]]
[[ 0.92924164 -1.1337167  -0.81896827 -0.30362605 -1.01157071 -0.63089547
  -0.60632348 -0.57845883  0.30395749  0.73573425]]
[[ 0.92912655 -1.13470503 -0.81809082 -0.31473053 -1.00974866 -0.63797591
  -0.6059867  -0.56985188  0.30223933  0.73019926]]
[[ 0.92956318 -1.13724266 -0.81765772 -0.33613459 -1.00839212 -0.64809424
  -0.60769086 -0.5552009   0.29433073  0.72410493]]
[[ 0.92990406 -1.14096175 -0.81769208 -0.35890801 -1.00718492 -0.66487638
  -0.60990109 -0.53636641  0.28445238  0.71815046]]
[[ 0.93028059 -1.14499856 -0.81791926 -0.38076045 -1.00590388 -0.6858826
  -0.61202729 -0.51658729  0.27439011  0.71195838]]
[[ 0.93059382 -1.14853559 -0.81822817 -0.39647141 -1.00460501 -0.70810053
  -0.61370648 -0.49797502  0.2665041   0.70588929]]
[[ 0.92974434 -1.14996279 -0.81840656 -0.39257676 -1.00289669 -0.72715674
  -0.61263888 -0.48840726  0.26828113  0.70232099]]
[[ 0.92820144 -1.14946883 -0.81843418 -0.37562021 -1.0007729  -0.74037406
  -0.60939953 -0.48535304  0.27719713  0.69956641]]
[[ 0.92628737 -1.14823035 -0.81843962 -0.3513255  -0.99874706 -0.75000978
  -0.60558802 -0.48289342  0.28904493  0.69761873]]
[[ 0.92432213 -1.14743184 -0.81840647 -0.33147136 -0.99682251 -0.7594646
  -0.60219605 -0.47892234  0.29871724  0.69569259]]
[[ 0.92381095 -1.14797236 -0.81790428 -0.3322438  -0.99506834 -0.7680999
  -0.60130927 -0.46921507  0.30077613  0.69008386]]
[[ 0.92401853 -1.15014013 -0.81772718 -0.34555883 -0.99395859 -0.77991083
  -0.6027212  -0.45269007  0.2956062   0.68344951]]
[[ 0.92433788 -1.15357891 -0.81787357 -0.36458035 -0.99301482 -0.79788243
  -0.6048886  -0.43168986  0.28700617  0.67641694]]
[[ 0.92487314 -1.15750462 -0.81809457 -0.38754136 -0.99195751 -0.8191746
  -0.60720056 -0.40988434  0.27664956  0.66877223]]
[[ 0.92551758 -1.1612254  -0.81829515 -0.41016865 -0.99077907 -0.84078902
  -0.60929794 -0.38971339  0.26658157  0.661236  ]]
[[ 0.92507829 -1.16306096 -0.81827241 -0.41846014 -0.98893383 -0.85832015
  -0.60875947 -0.37998752  0.26456792  0.65686849]]
[[ 0.92396458 -1.16297886 -0.81804954 -0.41499583 -0.98655339 -0.86937486
  -0.60602496 -0.37774273  0.2694138   0.65338066]]
[[ 0.92225409 -1.16178911 -0.81792964 -0.39777195 -0.98438404 -0.87744947
  -0.60246274 -0.37591385  0.27935084  0.65138594]]
[[ 0.9202178  -1.16065684 -0.81796944 -0.37728439 -0.98246995 -0.88626247
  -0.59897783 -0.37211703  0.2896092   0.6502941 ]]
[[ 0.91947352 -1.16067333 -0.81764712 -0.37198277 -0.98098577 -0.89483311
  -0.59782837 -0.36191312  0.293751    0.64524764]]
[[ 0.9193973  -1.16226409 -0.81767133 -0.37748866 -0.98034624 -0.90725949
  -0.5989614  -0.34411114  0.29089711  0.63926495]]
[[ 0.91942903 -1.1650961  -0.81800523 -0.38879622 -0.97994787 -0.92594573
  -0.60084731 -0.32152944  0.28454267  0.63277077]]
[[ 0.91969468 -1.16840166 -0.81837866 -0.40479954 -0.97947822 -0.9474366
  -0.60288058 -0.2984753   0.27623344  0.62544328]]
[[ 0.92012246 -1.171585   -0.81869438 -0.42211515 -0.9788447  -0.96862902
  -0.6047249  -0.2776669   0.26774617  0.61822575]]
[[ 0.91955257 -1.17309474 -0.81867713 -0.42899902 -0.97729665 -0.98476056
  -0.60399938 -0.2688822   0.26608165  0.6147191 ]]
[[ 0.91846517 -1.17296879 -0.81829799 -0.4296329  -0.9749842  -0.9933759
  -0.6012175  -0.26867303  0.26960582  0.6117026 ]]
[[ 0.91705158 -1.17203101 -0.81781665 -0.42286591 -0.9727147  -0.99842139
  -0.59782898 -0.26924405  0.27622385  0.60903685]]
[[ 0.9153754  -1.17109686 -0.81745641 -0.41271298 -0.97067926 -1.00441119
  -0.59453588 -0.2676429   0.28321017  0.606859  ]]
[[ 0.9149243  -1.17116253 -0.81680246 -0.41404664 -0.96925742 -1.01085946
  -0.5935085  -0.25889387  0.28510137  0.60035273]]
[[ 0.91494484 -1.17261942 -0.81663594 -0.42132854 -0.9688805  -1.0226048
  -0.59463062 -0.24148269  0.28121679  0.59364882]]
[[ 0.91484705 -1.17515076 -0.81692648 -0.43021047 -0.96883996 -1.04164272
  -0.59629807 -0.21865527  0.27513609  0.58727546]]
[[ 0.91471032 -1.17790566 -0.81737837 -0.43904527 -0.96884379 -1.06367438
  -0.59784784 -0.19554458  0.26882821  0.58053384]]
[[ 0.91451559 -1.18024467 -0.81786134 -0.44480055 -0.96879853 -1.08512865
  -0.59896713 -0.17512342  0.26411055  0.57411433]]
[[ 0.9131492  -1.18070198 -0.81811583 -0.43711263 -0.96774496 -1.10115989
  -0.59727942 -0.16789311  0.267621    0.57225501]]
[[ 0.91130465 -1.17966647 -0.81796657 -0.42543076 -0.96578676 -1.10899051
  -0.5935689  -0.17001701  0.27555841  0.57074483]]
[[ 0.9094437  -1.17830407 -0.81750978 -0.41486457 -0.96368161 -1.11248808
  -0.58960317 -0.17326488  0.28361159  0.56874417]]
[[ 0.90773256 -1.17737864 -0.81688985 -0.4098706  -0.96167904 -1.116001
  -0.58621699 -0.17483291  0.28880201  0.56572708]]
[[ 0.90762712 -1.17774301 -0.81576415 -0.42197908 -0.96030863 -1.11928932
  -0.5855077  -0.16944552  0.286997    0.55642347]]
[[ 0.9081988  -1.17958291 -0.81506091 -0.44112761 -0.96011163 -1.12812969
  -0.5872196  -0.15506343  0.27887842  0.54637911]]
[[ 0.9086197  -1.18244929 -0.81487477 -0.4596982  -0.96027248 -1.14513443
  -0.58947461 -0.1349287   0.2691787   0.53708788]]
[[ 0.90876777 -1.18537252 -0.81498115 -0.47333081 -0.96043878 -1.1659288
  -0.59141575 -0.11440003  0.26101936  0.52814656]]
[[ 0.90856441 -1.18760988 -0.81524647 -0.47818751 -0.96053908 -1.18661351
  -0.59267676 -0.09647059  0.25671109  0.52013787]]
[[ 0.90692853 -1.18769607 -0.81548283 -0.465469   -0.95950816 -1.20228345
  -0.59080891 -0.09204051  0.2625653   0.51796474]]
[[ 0.90470091 -1.18620791 -0.81545018 -0.4473433  -0.95754562 -1.20987734
  -0.58678077 -0.09686647  0.27339182  0.51651033]]
[[ 0.90245273 -1.1845057  -0.81516708 -0.43125605 -0.95544738 -1.21336856
  -0.58253248 -0.10227394  0.2838569   0.5147355 ]]
[[ 0.90044676 -1.18347227 -0.81470515 -0.42335864 -0.95343809 -1.21661035
  -0.57898372 -0.1056993   0.29046334  0.51160792]]
[[ 0.90026082 -1.18398637 -0.81361684 -0.43560192 -0.95211101 -1.2184067
  -0.57829035 -0.10212419  0.28903895  0.50058652]]
[[ 0.90092987 -1.18610032 -0.81288043 -0.45689417 -0.952063   -1.22465692
  -0.58016811 -0.08965292  0.28079161  0.48852101]]
[[ 0.90155312 -1.1892888  -0.81261514 -0.47906503 -0.95237047 -1.23838337
  -0.58266215 -0.07180128  0.27066618  0.47726887]]
[[ 0.90205965 -1.19270347 -0.81261228 -0.49961619 -0.95253923 -1.25569965
  -0.5848885  -0.0537359   0.26093732  0.46683912]]
[[ 0.9023702  -1.19568081 -0.81273363 -0.51564994 -0.9524387  -1.27321719
  -0.58648548 -0.03801533  0.25341919  0.4579946 ]]
[[ 0.90118175 -1.19649294 -0.81290645 -0.51469293 -0.95092754 -1.28637958
  -0.5847988  -0.03593427  0.25602519  0.45628832]]
[[ 0.89922887 -1.19544144 -0.81294731 -0.50449066 -0.94839686 -1.29211445
  -0.58069922 -0.04291163  0.26523804  0.45605723]]
[[ 0.89690242 -1.19367372 -0.81301046 -0.48824284 -0.94583121 -1.29474078
  -0.57600983 -0.04953158  0.27719035  0.45771528]]
[[ 0.89446457 -1.19215367 -0.81318488 -0.47250448 -0.94349995 -1.29809376
  -0.57167625 -0.05351581  0.28803347  0.4601791 ]]
[[ 0.89368779 -1.19201091 -0.8128262  -0.47284132 -0.94208196 -1.30077062
  -0.57013866 -0.04940111  0.29193473  0.45478617]]
[[ 0.89381885 -1.19348902 -0.81277209 -0.4824827  -0.94210886 -1.30839347
  -0.57134496 -0.03505936  0.28862874  0.44799558]]
[[ 0.89408031 -1.19614398 -0.8130475  -0.49589494 -0.9425748  -1.32354624
  -0.57343451 -0.01427857  0.28222598  0.4406508 ]]
[[ 0.89445757 -1.19922182 -0.81341213 -0.51203    -0.94294138 -1.34203093
  -0.57556922  0.00746869  0.27439709  0.43257656]]
[[ 0.89488173 -1.20219667 -0.81374979 -0.52893537 -0.94300874 -1.36039955
  -0.57737427  0.02727227  0.26657324  0.425132  ]]
[[ 0.89394191 -1.20336086 -0.81393957 -0.53448772 -0.94151602 -1.37344473
  -0.57608893  0.03210033  0.26642304  0.42452471]]
[[ 0.89232064 -1.20288885 -0.81381017 -0.53486607 -0.93886581 -1.37813493
  -0.57244262  0.0264986   0.27133026  0.42454692]]
[[ 0.89038298 -1.20171801 -0.81357376 -0.53029617 -0.93613887 -1.37941668
  -0.56821619  0.02076328  0.27866578  0.42524362]]
[[ 0.88823238 -1.2005031  -0.81349652 -0.5224386  -0.93367698 -1.38186461
  -0.56419608  0.01807527  0.28632309  0.4270764 ]]
[[ 0.88754588 -1.20032747 -0.81302624 -0.52494612 -0.93230575 -1.38472729
  -0.56281909  0.02484213  0.28876635  0.4219242 ]]
[[ 0.88749531 -1.20147759 -0.81304756 -0.53164404 -0.93251709 -1.39397752
  -0.56402222  0.04358163  0.28538155  0.41697075]]
[[ 0.88732112 -1.20358412 -0.81355008 -0.53864097 -0.93325785 -1.41154245
  -0.56591511  0.06985002  0.27995976  0.41266446]]
[[ 0.88699994 -1.20585746 -0.81423131 -0.54493054 -0.9340366  -1.43247881
  -0.56765069  0.0971216   0.27442169  0.40796644]]
[[ 0.88653107 -1.20775962 -0.81494224 -0.54879653 -0.93462542 -1.45300159
  -0.56886784  0.12203476  0.27043187  0.40374075]]
[[ 0.88458574 -1.20772854 -0.81550059 -0.5398307  -0.9335539  -1.46766702
  -0.56680203  0.13056136  0.27510729  0.40650576]]
[[ 0.88195776 -1.20616938 -0.81562378 -0.52718236 -0.93115667 -1.47320304
  -0.56231654  0.12711096  0.28437399  0.40939213]]
[[ 0.87927408 -1.20431063 -0.81536819 -0.5158661  -0.92848385 -1.47435775
  -0.55747568  0.12217653  0.29364853  0.41104264]]
[[ 0.87685574 -1.20284664 -0.81485778 -0.50929483 -0.92597839 -1.47553021
  -0.55331883  0.11858485  0.29992737  0.41045209]]
[[ 0.87648269 -1.20277935 -0.81361479 -0.51972081 -0.92457632 -1.47607395
  -0.55228139  0.12304064  0.29870402  0.39937447]]
[[ 0.87723379 -1.20424545 -0.81267025 -0.53770349 -0.92492123 -1.48241589
  -0.55427859  0.13891518  0.29041993  0.38626156]]
[[ 0.87801056 -1.20672483 -0.81218558 -0.55610403 -0.92584088 -1.49681395
  -0.55708102  0.16169827  0.28005951  0.37349098]]
[[ 0.87847425 -1.20926753 -0.81199162 -0.5710783  -0.92682095 -1.51427935
  -0.55958147  0.18474814  0.27080206  0.36132993]]
[[ 0.87845653 -1.21118866 -0.81198895 -0.57911798 -0.92767796 -1.53108458
  -0.5613212   0.20484112  0.26518454  0.3509462 ]]
[[ 0.8766231  -1.2109105  -0.8121002  -0.57062179 -0.92685574 -1.54249004
  -0.55946459  0.20853316  0.27017028  0.34941919]]
[[ 0.87391182 -1.20899319 -0.81199993 -0.55641907 -0.92481182 -1.54546049
  -0.55505445  0.20097462  0.28053516  0.34905838]]
[[ 0.87103195 -1.20678643 -0.81169905 -0.54247096 -0.92260827 -1.54491436
  -0.55026023  0.19310298  0.29111515  0.34850023]]
[[ 0.86838052 -1.20507972 -0.8112792  -0.53300678 -0.92061788 -1.54486322
  -0.54614648  0.18716475  0.29864341  0.34654484]]
[[ 0.86788157 -1.20493641 -0.81009366 -0.54104655 -0.91977505 -1.54359338
  -0.54520218  0.18889469  0.29829337  0.33351822]]
[[ 0.86860916 -1.20642292 -0.8091849  -0.55701379 -0.92069478 -1.54738922
  -0.54729725  0.20096153  0.29087357  0.31903744]]
[[ 0.86946646 -1.20899384 -0.8086992  -0.57423092 -0.92207766 -1.55865846
  -0.55018598  0.21870708  0.28132215  0.30537975]]
[[ 0.87018369 -1.2118147  -0.80846306 -0.59086154 -0.92327241 -1.57268694
  -0.55275692  0.23591328  0.27184424  0.29313703]]
[[ 0.87063666 -1.21433321 -0.80835221 -0.60527447 -0.924084   -1.58598887
  -0.55460505  0.24990949  0.26389149  0.28358217]]
[[ 0.86932171 -1.21483688 -0.8083793  -0.60658917 -0.92299536 -1.59414683
  -0.55283668  0.24741755  0.26503903  0.28399091]]
[[ 0.86707797 -1.21368351 -0.80824651 -0.60246088 -0.92061797 -1.59419451
  -0.5484477   0.23413757  0.27159831  0.28581519]]
[[ 0.86441913 -1.21192261 -0.80812696 -0.59428199 -0.91815646 -1.59136946
  -0.54346461  0.22169304  0.28042004  0.2895323 ]]
[[ 0.86163665 -1.21022017 -0.80824668 -0.58412942 -0.9159878  -1.58970689
  -0.53879949  0.21251347  0.28915704  0.29538   ]]
[[ 0.86066284 -1.20970391 -0.80785339 -0.58543863 -0.91510264 -1.58734655
  -0.53705047  0.21237418  0.29212905  0.29264233]]
[[ 0.8606828  -1.21060421 -0.80788477 -0.59169726 -0.91600533 -1.59049185
  -0.53818723  0.22385469  0.28899059  0.2903211 ]]
[[ 0.86075918 -1.21249546 -0.80835809 -0.59876903 -0.91740287 -1.6014477
  -0.54011475  0.24225018  0.28385042  0.28872397]]
[[ 0.8607304  -1.21463063 -0.80899837 -0.6061688  -0.91863801 -1.61551313
  -0.54183479  0.26124493  0.27838307  0.28701406]]
[[ 0.86055482 -1.21654239 -0.80964962 -0.61292433 -0.91946192 -1.62929138
  -0.54299447  0.2781391   0.27383428  0.28608655]]
[[ 0.85867812 -1.21660908 -0.81022921 -0.6087708  -0.91826869 -1.63771336
  -0.54061366  0.27793473  0.27743104  0.29358385]]
[[ 0.85590204 -1.21517706 -0.81039913 -0.6015781  -0.91556446 -1.63738135
  -0.53555563  0.26556959  0.28547436  0.30094304]]
[[ 0.85291745 -1.21337773 -0.81024066 -0.59447728 -0.9125729  -1.63343262
  -0.53001658  0.2528141   0.29405821  0.30692395]]
[[ 0.85010472 -1.21178927 -0.80996788 -0.58889123 -0.90980552 -1.63017593
  -0.52504455  0.24246345  0.30095733  0.31124849]]
[[ 0.84943869 -1.21145686 -0.80897017 -0.59680955 -0.90837032 -1.62662426
  -0.52331137  0.24212676  0.30123326  0.30399832]]
[[ 0.85002306 -1.21254451 -0.80832578 -0.61004295 -0.9089056  -1.6294452
  -0.52487268  0.25551758  0.2949208   0.29516839]]
[[ 0.85065192 -1.21455745 -0.80817904 -0.62299972 -0.91010436 -1.64083691
  -0.52736433  0.27745344  0.2867025   0.28681142]]
[[ 0.85087098 -1.21659073 -0.80833414 -0.63278888 -0.91137091 -1.65576584
  -0.52959713  0.30078826  0.2795403   0.27878866]]
[[ 0.850551   -1.21806588 -0.80866312 -0.63722966 -0.91245103 -1.67066044
  -0.53112316  0.32217402  0.27557349  0.27212453]]
[[ 0.84821382 -1.21744551 -0.80910743 -0.62755197 -0.91156897 -1.68032922
  -0.52882035  0.32604483  0.28165991  0.27496307]]
[[ 0.84479243 -1.21524767 -0.80926202 -0.61343774 -0.90923419 -1.68131593
  -0.52366867  0.31741136  0.2928135   0.2785618 ]]
[[ 0.84114401 -1.21279415 -0.8091067  -0.60015345 -0.90662492 -1.67873834
  -0.51805469  0.30828039  0.30395212  0.28114215]]
[[ 0.83785354 -1.2107985  -0.80871939 -0.59100011 -0.90424417 -1.67669837
  -0.51320738  0.30084391  0.31191538  0.28126068]]
[[ 0.83710549 -1.21034526 -0.80739216 -0.59865202 -0.90320381 -1.67403896
  -0.5118693   0.302454    0.31184513  0.26776281]]
[[ 0.83804716 -1.21153739 -0.80624396 -0.61410024 -0.90420074 -1.67736074
  -0.5141476   0.31666644  0.30432857  0.2511205 ]]
[[ 0.83932941 -1.21381746 -0.80547778 -0.6309026  -0.9057966  -1.68878966
  -0.51750936  0.33801856  0.29441656  0.23417458]]
[[ 0.84042081 -1.21631482 -0.80496703 -0.64688496 -0.90732799 -1.70308684
  -0.52060946  0.35938751  0.28450781  0.21820163]]
[[ 0.84109503 -1.21846975 -0.80462479 -0.66024424 -0.90859324 -1.71656836
  -0.52294732  0.37751575  0.27622779  0.2051352 ]]
[[ 0.83965668 -1.21859528 -0.80454228 -0.66089128 -0.90787117 -1.72465058
  -0.5213359   0.37751982  0.27715596  0.20352812]]
[[ 0.83697423 -1.21708373 -0.80434728 -0.65647207 -0.90584118 -1.72440041
  -0.5168114   0.36556321  0.28346043  0.20376287]]
[[ 0.83377841 -1.2150651  -0.80414353 -0.64918376 -0.9037405  -1.72131241
  -0.51168407  0.35447811  0.29158253  0.20555016]]
[[ 0.83058427 -1.21316305 -0.8041448  -0.64067768 -0.90195419 -1.71937795
  -0.50700287  0.34648896  0.29920795  0.20909545]]
[[ 0.82950778 -1.21246206 -0.80353106 -0.64302159 -0.90159186 -1.71674104
  -0.50551112  0.34774178  0.30090101  0.20300463]]
[[ 0.82972297 -1.21316695 -0.80334097 -0.64930344 -0.90315523 -1.71965019
  -0.50721512  0.36069293  0.29660829  0.19791801]]
[[ 0.83008501 -1.21483035 -0.80363531 -0.65556159 -0.90519643 -1.73016918
  -0.50974335  0.37991152  0.29067125  0.19450297]]
[[ 0.83022228 -1.21669654 -0.80416137 -0.66133938 -0.90700798 -1.74336947
  -0.51190768  0.39879026  0.28483521  0.19220046]]
[[ 0.83006302 -1.21832729 -0.80474676 -0.66611766 -0.90834751 -1.75585483
  -0.51334192  0.41471717  0.28017102  0.19177288]]
[[ 0.82789948 -1.21812502 -0.80537536 -0.66060852 -0.90750825 -1.76293177
  -0.51089887  0.41224778  0.28376928  0.2012996 ]]
[[ 0.82455515 -1.2164601  -0.80562423 -0.65253068 -0.90507914 -1.76128605
  -0.50550194  0.39691023  0.29172977  0.21075922]]
