[ 1.98531729  2.25837856  2.26954898  2.10827537  2.09093609  2.36006953
  1.92346933  2.28150958  2.28995504  1.86254224]
[ 1.96579447  2.28321202  2.24443225  2.11029642  2.09016041  2.38558827
  1.94188596  2.29086491  2.28947808  1.8609934 ]
[ 1.94663723  2.30739343  2.21977406  2.11150085  2.08670942  2.40710085
  1.95999699  2.29421518  2.28791838  1.85499582]
[ 1.92784411  2.3302083   2.19554071  2.1117207   2.07933681  2.41781534
  1.97685222  2.29403782  2.28478961  1.84445782]
[ 1.90934477  2.35150652  2.17182326  2.11092301  2.06848975  2.41212288
  1.99145242  2.29086803  2.27827773  1.83151723]
[ 1.89111359  2.37126592  2.14865285  2.10927953  2.05520047  2.39747646
  2.00318966  2.28393765  2.26675821  1.81743778]
[ 1.87314199  2.38924127  2.12592045  2.10687937  2.04001554  2.37859376
  2.01192428  2.27262031  2.25131434  1.80279676]
[ 1.85542734  2.4052425   2.10347042  2.10360384  2.02338138  2.35752717
  2.01780846  2.2576609   2.23365138  1.78788759]
[ 1.83807393  2.41932911  2.08121673  2.09935548  2.00586358  2.33878824
  2.02077562  2.24013451  2.21588066  1.77298362]
[ 1.82130083  2.43196403  2.05917249  2.09426876  1.98800909  2.32630791
  2.02049573  2.22096417  2.19945913  1.75838625]
[ 1.80545285  2.44408758  2.03734205  2.08905063  1.97047701  2.3185832
  2.01701401  2.20111862  2.18388836  1.74440371]
[ 1.79072135  2.45659644  2.01573152  2.08476267  1.95436038  2.31337507
  2.01092004  2.18164173  2.16750809  1.73120475]
[ 1.77699717  2.47001087  1.99436386  2.08214328  1.94137139  2.3087728
  2.00346393  2.16412386  2.14926961  1.71872582]
[ 1.7638489   2.48416562  1.97328061  2.0814173   1.93183696  2.30296934
  1.99548462  2.14861496  2.12970537  1.70672281]
[ 1.75097546  2.4987467   1.95246524  2.08262526  1.92491752  2.29533505
  1.98680281  2.13382795  2.10925078  1.69490792]
[ 1.73835011  2.51314689  1.93189767  2.08522271  1.91963697  2.28642083
  1.97625153  2.11820947  2.08812163  1.6831996 ]
[ 1.72621039  2.52675973  1.91157789  2.08803049  1.91477527  2.27767009
  1.96325345  2.10086315  2.0670865   1.67169607]
[ 1.71508152  2.53957465  1.89151375  2.08993068  1.90913372  2.27125522
  1.94838057  2.08213808  2.04855125  1.66067655]
[ 1.70529817  2.55171779  1.87170905  2.09065877  1.90231424  2.26725651
  1.93217272  2.06253731  2.03265877  1.65030792]
[ 1.69697178  2.56374931  1.85217005  2.09083899  1.89475799  2.26531737
  1.91508288  2.04289294  2.01704624  1.64059705]
[ 1.68974282  2.57686269  1.83286937  2.09179691  1.88758525  2.26508061
  1.89815467  2.02578937  2.00034505  1.63138486]
[ 1.68301519  2.5925219   1.81377453  2.09523733  1.88247568  2.26660633
  1.88408084  2.01620192  1.98257903  1.62251338]
[ 1.67623383  2.6110684   1.79490447  2.10194147  1.87996744  2.27020087
  1.87317486  2.01385903  1.96423269  1.6138696 ]
[ 1.6691467   2.63163994  1.77626568  2.11154074  1.87935491  2.27630177
  1.86335962  2.01625272  1.94538762  1.60533765]
[ 1.66184752  2.65201086  1.75791322  2.12275564  1.87953131  2.28481185
  1.85216971  2.02043977  1.92620621  1.59694353]
[ 1.65476341  2.66939542  1.73998743  2.13362117  1.87918319  2.29510156
  1.83902861  2.02322959  1.9076955   1.58885666]
[ 1.64844556  2.68261984  1.72262989  2.14261582  1.87750349  2.3061033
  1.8245109   2.02313242  1.89097062  1.58123084]
[ 1.64297397  2.69246749  1.70587578  2.15005086  1.87491916  2.31579177
  1.80912168  2.02097342  1.87516732  1.57393265]
[ 1.63822127  2.70029366  1.68969544  2.15723731  1.87242297  2.32293387
  1.79316236  2.01861753  1.85872507  1.56666926]
[ 1.63400105  2.70705831  1.67401118  2.16543632  1.8705907   2.32794447
  1.77681439  2.0179612   1.84141156  1.5593718 ]
[ 1.63007496  2.71324238  1.65872827  2.17531268  1.86938161  2.33270441
  1.76005683  2.02021038  1.82351176  1.55220507]
[ 1.62618851  2.71851322  1.64386832  2.18612508  1.86803307  2.33927205
  1.74293295  2.02456279  1.80580915  1.54544095]
[ 1.62222295  2.72226518  1.62938939  2.19656193  1.86578303  2.34956134
  1.72567773  2.02987908  1.78969104  1.53924948]
[ 1.61813195  2.72408922  1.61526415  2.20574761  1.86239423  2.36369739
  1.7085131   2.03537512  1.77600948  1.53360785]
[ 1.6138425   2.7236474   1.60151258  2.21348794  1.85824667  2.38022283
  1.69169674  2.0402356   1.7642598   1.52814499]
[ 1.60940274  2.72041447  1.58819953  2.22023881  1.8542067   2.39692359
  1.67545678  2.04400596  1.75344325  1.52241653]
[ 1.60482992  2.71408245  1.57543088  2.22706866  1.85112371  2.41087983
  1.65964259  2.0462741   1.74237469  1.51618609]
[ 1.60039388  2.70466679  1.56330335  2.2343428   1.84960685  2.42065209
  1.64402236  2.0465687   1.73013793  1.50945443]
[ 1.59635458  2.69245613  1.55187925  2.24183187  1.84949957  2.42672056
  1.62852619  2.04515227  1.71685097  1.50247818]
[ 1.59279373  2.677894    1.54114214  2.24908711  1.85001606  2.43073176
  1.61304944  2.04304042  1.70306106  1.49569208]
[ 1.58961866  2.66198798  1.53105782  2.25503409  1.84987579  2.43473915
  1.59771979  2.04114193  1.69008841  1.48958161]
[ 1.58653025  2.64556664  1.52142221  2.25889671  1.84820224  2.44139171
  1.58304779  2.04091015  1.6796849   1.48435844]
[ 1.583279    2.62907586  1.5121089   2.26059504  1.84468203  2.45193091
  1.56917732  2.04290983  1.6722368   1.47994377]
[ 1.57967639  2.61274784  1.50303203  2.26067134  1.83967326  2.46581745
  1.55621626  2.04688669  1.66714371  1.47595084]
[ 1.57570055  2.5961865   1.49414039  2.25984783  1.83413004  2.48151266
  1.54433357  2.05261552  1.66338473  1.47187904]
[ 1.57132805  2.57876571  1.48547951  2.25935134  1.82922983  2.49580336
  1.53315046  2.0589917   1.65956682  1.46733751]
[ 1.56700179  2.56008226  1.47711039  2.25943208  1.82610466  2.50603135
  1.52222354  2.0641752   1.6542586   1.46220762]
[ 1.56310657  2.54020648  1.46912536  2.25968872  1.82487474  2.511895
  1.51146466  2.0676746   1.64737921  1.45673224]
[ 1.55980836  2.51913808  1.46162516  2.25954967  1.82479295  2.51459807
  1.50070881  2.06968118  1.63955529  1.45133926]
[ 1.55705371  2.49760847  1.45467275  2.25850203  1.82424861  2.51631985
  1.49011494  2.07115247  1.63229922  1.44664154]
[ 1.55434218  2.47610143  1.44809533  2.25612817  1.82205295  2.52020554
  1.48052842  2.07462731  1.62749698  1.44296716]
[ 1.55120746  2.45488702  1.44176425  2.25230849  1.81771741  2.52783759
  1.47183366  2.08109912  1.62517079  1.44015357]
[ 1.54740868  2.43423382  1.43555436  2.24779389  1.81174068  2.53897537
  1.46396684  2.09028872  1.62475553  1.43777978]
[ 1.54298678  2.41382953  1.4293573   2.24331543  1.80519336  2.55222756
  1.45695741  2.10162018  1.62542727  1.43531822]
[ 1.53815607  2.39356707  1.4232056   2.24030129  1.79938201  2.56460638
  1.45059587  2.11302366  1.62633066  1.43236966]
[ 1.53364769  2.37323415  1.41716039  2.23889166  1.79549502  2.57336079
  1.44453006  2.12179722  1.62624979  1.42882898]
[ 1.52992204  2.35297061  1.41133501  2.2382719   1.7934852   2.57810431
  1.43856841  2.12780081  1.62480201  1.42498394]
[ 1.52701957  2.33266017  1.4058685   2.23737676  1.79259485  2.57965785
  1.43241453  2.13177773  1.62220735  1.42115911]
[ 1.52458955  2.31271852  1.4008712   2.23561663  1.79122446  2.57974787
  1.42607363  2.13474882  1.61956035  1.41784998]
[ 1.52198418  2.29302486  1.39627728  2.2324419   1.78802666  2.58125657
  1.42043376  2.13933608  1.61888519  1.41547959]
[ 1.51864324  2.27372195  1.39204163  2.22761713  1.7823763   2.58586121
  1.41537489  2.14657809  1.62040476  1.41389377]
[ 1.51446073  2.25517834  1.38806028  2.22210267  1.77477975  2.59346855
  1.41082636  2.15585252  1.62374412  1.41276427]
[ 1.50969457  2.23674568  1.38419951  2.21615521  1.76607153  2.60304985
  1.40673597  2.16677042  1.628116    1.41169774]
[ 1.50473338  2.21836199  1.38035055  2.21098883  1.75777882  2.612
  1.40291529  2.17818198  1.63254597  1.41025569]
[ 1.50037535  2.20006948  1.37645557  2.20718682  1.75146919  2.61750049
  1.39912132  2.18714759  1.63560904  1.40823002]
[ 1.49709251  2.18192924  1.37257952  2.20422872  1.74733552  2.61932295
  1.3953687   2.19365208  1.63696765  1.40591258]
[ 1.49489464  2.16392969  1.36887872  2.20137074  1.74475101  2.61825999
  1.39148906  2.1983633   1.63698336  1.4035587 ]
[ 1.49312253  2.14654829  1.36548981  2.19838192  1.74214718  2.61588603
  1.38722534  2.2019248   1.63643329  1.4015467 ]
[ 1.4909792   2.12951852  1.3623635   2.19488985  1.7382399   2.61485642
  1.38299091  2.20711834  1.63701118  1.4000791 ]
[ 1.48783684  2.11281147  1.35942074  2.19032528  1.73244999  2.61658904
  1.37842323  2.21527183  1.63866218  1.39877673]
[ 1.48364809  2.09665841  1.35654723  2.18564386  1.7254      2.62079597
  1.37365824  2.22570218  1.64113834  1.3974237 ]
[ 1.47884379  2.08085138  1.353684    2.18129059  1.71778412  2.62636874
  1.36902676  2.23758611  1.64403616  1.3959217 ]
[ 1.47389455  2.06545198  1.35081201  2.17830211  1.710718    2.63123498
  1.36474942  2.24967583  1.64693776  1.39411773]
[ 1.46936761  2.05062828  1.34789863  2.17692724  1.7053463   2.63319304
  1.36079446  2.25871506  1.64865633  1.39189996]
[ 1.46565241  2.03606615  1.34501714  2.17570932  1.70151536  2.63248179
  1.35707153  2.265214    1.64885526  1.38950658]
[ 1.46261831  2.0212944   1.34229484  2.17329409  1.69862666  2.63001788
  1.35331748  2.27050929  1.64790375  1.38703956]
[ 1.45940877  2.00711451  1.33982805  2.17018546  1.69533581  2.62710739
  1.34922069  2.27504664  1.64645307  1.38479421]
[ 1.45551779  1.99359057  1.33768983  2.16633416  1.69024735  2.62565518
  1.34518721  2.28073312  1.6463666   1.3830935 ]
[ 1.45053578  1.98087712  1.33588274  2.16127505  1.68274141  2.6267737
  1.34092987  2.28859341  1.6477796   1.38161454]
[ 1.44466167  1.96925966  1.33428647  2.15620262  1.67364829  2.63005393
  1.33657655  2.297789    1.65032938  1.3802179 ]
[ 1.43839442  1.95839642  1.33276399  2.15174801  1.66406317  2.63461232
  1.33241113  2.30797478  1.65340013  1.37886381]
[ 1.43211435  1.94818964  1.33116674  2.14985813  1.65568008  2.63884443
  1.32864922  2.31862416  1.65637426  1.37740301]
[ 1.42617207  1.93871024  1.32936333  2.15148374  1.64992654  2.64073069
  1.32546162  2.32625257  1.65812483  1.37576016]
[ 1.42083088  1.92943558  1.32743813  2.15440565  1.64637185  2.64031545
  1.32277741  2.33138987  1.65841043  1.37414939]
[ 1.41598209  1.91919416  1.3255768   2.15532581  1.6439969   2.6384595
  1.3202198   2.33588132  1.65769494  1.3724627 ]
[ 1.41112784  1.90812407  1.32387288  2.15354711  1.64159594  2.63648957
  1.31727866  2.34087334  1.65643219  1.37079904]
[ 1.40607602  1.89652178  1.32242797  2.14920859  1.63789215  2.63614957
  1.3141039   2.34857444  1.65639818  1.36944578]
[ 1.4004502   1.88468215  1.32122565  2.14225298  1.63223458  2.63841443
  1.31038373  2.35966882  1.65761444  1.36801404]
[ 1.39439118  1.87343292  1.32015693  2.13493375  1.62535153  2.6427208
  1.30638044  2.37252532  1.65969877  1.3665465 ]
[ 1.38833751  1.86280373  1.31920517  2.12721188  1.61773624  2.64811932
  1.3024524   2.38590998  1.66215758  1.36523317]
[ 1.38245661  1.85258567  1.31824883  2.12045175  1.6107135   2.6531036
  1.29883894  2.39919198  1.66450351  1.36389181]
[ 1.37684586  1.84289349  1.31710416  2.1166404   1.60576281  2.65569004
  1.29580812  2.4087271   1.66556038  1.36238924]
[ 1.37171147  1.83355883  1.31582531  2.11454638  1.60268916  2.65608992
  1.29339652  2.41519808  1.66522654  1.36098741]
[ 1.36683233  1.82443567  1.31459938  2.11204825  1.60064604  2.65513299
  1.29127268  2.4202355   1.66408688  1.3597246 ]
[ 1.3618901   1.81598167  1.31353521  2.10913637  1.59853465  2.65404427
  1.28892279  2.42494405  1.66255706  1.35889978]
[ 1.3569734   1.80831205  1.31277168  2.10540182  1.59516216  2.65435096
  1.28640957  2.43150378  1.66243571  1.35884641]
[ 1.35168887  1.80109081  1.312294    2.09928476  1.58976175  2.65714759
  1.28331366  2.44135612  1.66366064  1.35889769]
[ 1.34617011  1.79455588  1.31196865  2.0929763   1.58307851  2.66188631
  1.27993607  2.45280953  1.6657339   1.35893883]
[ 1.3408485   1.78851009  1.31181174  2.08536409  1.57543776  2.66754415
  1.27667045  2.46428374  1.66818742  1.35911117]
[ 1.33581852  1.78239022  1.3116695   2.07688755  1.56804177  2.67270497
  1.27371362  2.47515705  1.67053836  1.35907651]
[ 1.33104201  1.77611587  1.3112889   2.07050333  1.5624861   2.67534903
  1.27137884  2.48198532  1.67153922  1.35872554]
[ 1.32673537  1.76971194  1.3107082   2.06579621  1.55875317  2.67573493
  1.26972499  2.48561799  1.6711733   1.35841425]
[ 1.32271396  1.76349313  1.31012936  2.0615464   1.55611816  2.67472563
  1.26841461  2.48769744  1.67011684  1.35827229]
[ 1.31874167  1.75814176  1.3096804   2.05830968  1.55363733  2.67344865
  1.26693445  2.48919232  1.66863372  1.35875019]
[ 1.31502391  1.75396163  1.30954182  2.05537268  1.55033276  2.67329854
  1.26524445  2.49212684  1.66839422  1.36023201]
[ 1.31113064  1.75032532  1.3096642   2.04996338  1.54552225  2.67554456
  1.26284806  2.49850971  1.66914007  1.36177205]
[ 1.3071317   1.7471057   1.30986625  2.04419987  1.54001234  2.67963089
  1.26010425  2.50681046  1.67036146  1.36322576]
[ 1.30338092  1.74412336  1.31018436  2.0366837   1.53384805  2.68450568
  1.25745381  2.51514252  1.67167905  1.36474201]
[ 1.29994223  1.74071199  1.31048269  2.02706425  1.52779002  2.68894784
  1.25509004  2.522846    1.67291715  1.3658642 ]
[ 1.29670874  1.73659162  1.31047184  2.01862944  1.52328112  2.6910032
  1.2533701   2.52685112  1.67290853  1.36646748]
[ 1.29389461  1.73200963  1.31021544  2.01173045  1.52029013  2.69102608
  1.25233867  2.52796832  1.67172016  1.36700128]
[ 1.29135544  1.7275868   1.30993868  2.00611861  1.51818188  2.6899366
  1.25163286  2.52779245  1.67009744  1.36769862]
[ 1.28881154  1.72400696  1.30977055  2.0025561   1.51616619  2.68876101
  1.25077255  2.52712426  1.66821297  1.36912128]
[ 1.28644867  1.72175896  1.30994629  2.00021612  1.51337895  2.6886662
  1.2496929   2.52764429  1.66767979  1.37174445]
[ 1.28384982  1.72011517  1.31039243  1.99577238  1.50913391  2.69102502
  1.2478849   2.53146015  1.66816503  1.37432164]
[ 1.28106851  1.71868103  1.31088345  1.99097829  1.50435496  2.69523912
  1.24574103  2.53728516  1.66910447  1.37666501]
[ 1.27846495  1.71736145  1.31143826  1.98516468  1.49920504  2.70023096
  1.24370342  2.54327405  1.6700535   1.37904981]
[ 1.27614486  1.71560164  1.31192878  1.97790629  1.49429579  2.70485386
  1.24192627  2.54877895  1.67089433  1.38104596]
[ 1.27401848  1.71281225  1.31201321  1.97183134  1.49101451  2.70711904
  1.24079795  2.5511146   1.67051995  1.382453  ]
[ 1.27228686  1.70924527  1.31180222  1.96652186  1.48917132  2.70743501
  1.24033135  2.55112838  1.66910063  1.38368786]
[ 1.27079316  1.70549211  1.31154153  1.96132648  1.48809135  2.70682159
  1.24012448  2.55058519  1.66745477  1.38478058]
[ 1.26922112  1.70221411  1.31134694  1.95723403  1.48712466  2.70620188
  1.23974308  2.5500475   1.66566893  1.38629231]
[ 1.26776186  1.70025583  1.31152224  1.95417055  1.4854946   2.70657348
  1.23910981  2.55069982  1.66525294  1.38905709]
[ 1.26605981  1.69893967  1.31196637  1.94930342  1.4825469   2.70938025
  1.23773027  2.55439437  1.66569788  1.39165049]
[ 1.26417978  1.69784096  1.31243284  1.94435858  1.47925319  2.7139893
  1.23601878  2.56000209  1.66645814  1.39402902]
[ 1.26245555  1.69695329  1.31292843  1.93967347  1.47592093  2.71925948
  1.23443468  2.56577485  1.66711983  1.39665415]
[ 1.26098283  1.69586006  1.31335139  1.9351005   1.47297937  2.72408655
  1.23312041  2.57099405  1.6676433   1.39914164]
[ 1.25967356  1.6937395   1.31332375  1.93258622  1.47162962  2.72643558
  1.23249375  2.57306353  1.66703433  1.40116029]
[ 1.25873295  1.69072127  1.31298798  1.93047244  1.471448    2.72684992
  1.23252297  2.57284808  1.66550139  1.40289798]
[ 1.25801239  1.6872506   1.31260186  1.92699358  1.47165618  2.72657852
  1.23273753  2.57246132  1.66394991  1.40396219]
[ 1.25713228  1.68392611  1.31225409  1.92359391  1.47178092  2.72641325
  1.2327411   2.57243663  1.66245595  1.40492641]
[ 1.25626499  1.6819314   1.31232681  1.92116232  1.47112818  2.72704328
  1.23249178  2.57346702  1.66248717  1.40721875]
[ 1.25509719  1.68072321  1.31272623  1.91734736  1.46901358  2.73002905
  1.23152053  2.57724188  1.66347376  1.40944984]
[ 1.25371958  1.67985195  1.31318805  1.91364161  1.4664578   2.73476662
  1.23023751  2.58274086  1.66476779  1.41167076]
[ 1.25250768  1.67928197  1.31369491  1.91045628  1.46394238  2.74011578
  1.22908991  2.58837008  1.66592222  1.41439809]
[ 1.25156693  1.6786313   1.31412652  1.90791115  1.46198352  2.74501202
  1.22820221  2.59344229  1.66688451  1.41723432]
[ 1.25079772  1.67698506  1.31405675  1.9080265   1.46183674  2.747191
  1.22802444  2.59533713  1.66671029  1.41982432]
[ 1.25040256  1.67443213  1.31364747  1.90880152  1.46297741  2.74722615
  1.22852577  2.59482667  1.6656559   1.42230195]
[ 1.25023403  1.6713434   1.31318058  1.90751289  1.46445577  2.7467103
  1.22918749  2.59427001  1.66463481  1.42391973]
[ 1.24990501  1.66825742  1.31274389  1.90527182  1.46578276  2.7464427
  1.22960321  2.59431928  1.66368162  1.42512396]
[ 1.24959018  1.66654093  1.31277351  1.90336839  1.46628235  2.74697612
  1.22973416  2.59542276  1.66422203  1.42775262]
[ 1.24898105  1.66572264  1.31316852  1.90005459  1.4652567   2.74992089
  1.22912032  2.59915637  1.66563515  1.43044767]
[ 1.24813907  1.66530557  1.31365798  1.8968308   1.46367937  2.75463141
  1.22818616  2.60452646  1.66730009  1.43327896]
[ 1.24744163  1.66518969  1.31423052  1.89392645  1.46192768  2.75992978
  1.22738986  2.60989284  1.66883671  1.43672077]
[ 1.24699532  1.66497677  1.31475479  1.89134759  1.46046295  2.76481787
  1.22684467  2.61455284  1.67024218  1.44021848]
[ 1.24668538  1.66369841  1.31476371  1.89119069  1.46061217  2.76688909
  1.22700476  2.61601055  1.67051021  1.44333995]
[ 1.24673279  1.66152567  1.31441787  1.89207344  1.46195756  2.76666542
  1.22786177  2.61489237  1.66989206  1.44642346]
[ 1.24700791  1.65903779  1.31402725  1.89170743  1.46356888  2.765783
  1.22889182  2.61345376  1.66925369  1.44895914]
[ 1.24710103  1.65663209  1.31367615  1.89058263  1.46496568  2.7650886
  1.22967334  2.61251374  1.66864445  1.4511873 ]
[ 1.24718938  1.65562089  1.31382741  1.88958884  1.46551029  2.76512053
  1.23014649  2.61251835  1.66953274  1.45489549]
[ 1.24696193  1.65548419  1.31434942  1.88707804  1.46457233  2.76760833
  1.22983837  2.61511582  1.67123551  1.45849563]
[ 1.24647849  1.65565846  1.31494754  1.88449394  1.46317952  2.77188437
  1.22918554  2.61939249  1.67312301  1.46203368]
[ 1.24614386  1.65600683  1.31561002  1.88177599  1.46165006  2.7767722
  1.22864975  2.62364906  1.67481165  1.46606115]
[ 1.24607089  1.65616559  1.31621475  1.87882534  1.46037974  2.78134252
  1.22833619  2.62719986  1.67632877  1.47003255]
[ 1.24612183  1.65504149  1.31624991  1.87753828  1.46071268  2.78321061
  1.22869444  2.62793831  1.67664216  1.47323171]
[ 1.24652696  1.65301011  1.3159131   1.87750397  1.46226589  2.78270327
  1.22976311  2.6262135   1.67607156  1.47645132]
[ 1.247151    1.65090176  1.31554268  1.87741145  1.46412045  2.78130727
  1.23103963  2.6239989   1.67541966  1.47957003]
[ 1.24757169  1.64907561  1.31523806  1.8773008   1.46571238  2.77989879
  1.23209008  2.62210557  1.67473373  1.48281757]
[ 1.24797367  1.64874245  1.31548384  1.87739875  1.46639739  2.77914025
  1.23282641  2.62101362  1.67558921  1.48781351]
[ 1.24802227  1.64925006  1.31610366  1.87594097  1.46561017  2.7808986
  1.23274538  2.62251061  1.67725002  1.49249497]
[ 1.247769    1.6499282   1.31677353  1.87429329  1.46443704  2.78451992
  1.23229598  2.62582221  1.67911304  1.49678229]
[ 1.24764737  1.65060461  1.3174769   1.87218603  1.46316947  2.78885138
  1.23194746  2.62918505  1.68076862  1.50134701]
[ 1.24778854  1.65097379  1.3181079   1.86937265  1.46213085  2.79303015
  1.2317952   2.63187932  1.68222232  1.50570613]
[ 1.24804696  1.64984039  1.31810907  1.86766654  1.46267702  2.79475457
  1.23229125  2.63213275  1.6823867   1.50881159]
[ 1.24866976  1.64775864  1.31773042  1.86713668  1.46438823  2.7941941
  1.23349815  2.63015213  1.68166608  1.51187093]
[ 1.24951035  1.6457341   1.3173276   1.86712032  1.46636237  2.79266249
  1.23492383  2.62772245  1.68084949  1.51506804]
[ 1.25011791  1.64411975  1.31700801  1.86759362  1.46802223  2.79097077
  1.23614147  2.62556604  1.67999502  1.51875468]
[ 1.25069025  1.64411211  1.31729242  1.86844999  1.46871226  2.78980319
  1.23705267  2.62406557  1.68077524  1.52456965]
[ 1.25087327  1.64497467  1.31796568  1.86784123  1.46791613  2.79109364
  1.23712288  2.62505037  1.68235834  1.529961  ]
[ 1.25072454  1.64595604  1.31867409  1.86702241  1.46679564  2.79423875
  1.23680439  2.62788024  1.68413689  1.53467896]
[ 1.25069439  1.64687546  1.31937953  1.86595854  1.46575073  2.79803776
  1.23658446  2.63079603  1.68565749  1.53947048]
[ 1.25092655  1.64746663  1.31998903  1.864299    1.46505123  2.80168137
  1.23655241  2.63305002  1.6868804   1.54394375]
[ 1.25128251  1.64638245  1.31989943  1.86352123  1.46603562  2.80305286
  1.23717241  2.63307817  1.68671026  1.54672325]
[ 1.25203395  1.64422078  1.31942113  1.86342236  1.4681485   2.80238463
  1.23850219  2.63108241  1.68568254  1.54916941]
[ 1.25301858  1.64204077  1.31891759  1.86349724  1.47045839  2.80093861
  1.24002696  2.62886024  1.68462457  1.55147079]
[ 1.2537401   1.64025229  1.31849905  1.86408119  1.47240745  2.79934225
  1.24134322  2.62698769  1.68359376  1.55432023]
[ 1.25440871  1.64018408  1.31874357  1.86523925  1.47329655  2.79812109
  1.24237584  2.62562098  1.68433797  1.55983754]
[ 1.25465509  1.6411277   1.31942968  1.86514691  1.47257817  2.79920819
  1.24256762  2.62657751  1.685938    1.56524142]
[ 1.25454542  1.64232101  1.32019456  1.86495467  1.47142427  2.802044
  1.24237496  2.62925526  1.68773083  1.57022078]
[ 1.25454451  1.64353925  1.32096684  1.86496041  1.47035636  2.80537179
  1.24229605  2.63199568  1.6892667   1.57530377]
[ 1.2547984   1.64454612  1.32164081  1.8649813   1.46967455  2.80836665
  1.24241763  2.63406644  1.69044042  1.58010783]
[ 1.25518165  1.64381499  1.32155333  1.86609293  1.47080498  2.80912116
  1.24321257  2.6339736   1.69009784  1.58296042]
[ 1.2560025   1.64183056  1.32105478  1.86731843  1.4731167   2.80814904
  1.24472382  2.63195125  1.68891879  1.58502281]
[ 1.25708626  1.63955825  1.32050006  1.86787677  1.47566757  2.80680291
  1.2463858   2.62998801  1.68784577  1.58598832]
[ 1.25790252  1.63748735  1.32000074  1.86834684  1.47789934  2.80554925
  1.24779264  2.62855148  1.68688353  1.58689669]
[ 1.25866795  1.63715844  1.32020187  1.86906252  1.47902692  2.80469969
  1.24889379  2.62752151  1.68779114  1.59072258]
[ 1.25899719  1.63798384  1.32088852  1.86852738  1.47845687  2.80608403
  1.24912751  2.62870641  1.68957     1.59486791]
[ 1.25895207  1.63925416  1.32171598  1.86804354  1.47728976  2.80913528
  1.24898175  2.63150287  1.69153224  1.59918113]
[ 1.25900623  1.64069338  1.32260188  1.86811497  1.47604051  2.81256865
  1.24897694  2.63431438  1.69327902  1.60392161]
[ 1.25929677  1.64207211  1.32342001  1.8688004   1.47503264  2.81553865
  1.24920343  2.63646421  1.69468195  1.60858861]
[ 1.2596954   1.64180114  1.32345341  1.87122585  1.47578608  2.81605935
  1.2501521   2.63639091  1.69445804  1.61152626]
[ 1.26056346  1.64026726  1.32306063  1.87397825  1.47771409  2.81478012
  1.25186589  2.63426685  1.69335333  1.61384617]
[ 1.26173387  1.63823692  1.32257829  1.87546343  1.47996946  2.81343104
  1.25370019  2.63234603  1.69244497  1.61441427]
[ 1.26262909  1.63612691  1.32209605  1.87626299  1.48205835  2.81243701
  1.25522809  2.63114099  1.6917569   1.61400379]
[ 1.26345271  1.63557749  1.32230604  1.8766213   1.4830949   2.81199392
  1.25638792  2.63033481  1.69303607  1.61593875]
[ 1.26379858  1.63610647  1.32297738  1.87544308  1.4824812   2.81378766
  1.25661701  2.63176132  1.69515615  1.61802675]
[ 1.26373643  1.63707332  1.32378726  1.8742127   1.48124479  2.81725937
  1.25644771  2.63481351  1.69739356  1.62042167]
[ 1.26377679  1.63822904  1.32466953  1.87346752  1.47985416  2.82110593
  1.25642803  2.63785681  1.69937058  1.62341175]
[ 1.26405654  1.63937837  1.32549792  1.87347653  1.47865339  2.82447077
  1.25665973  2.6402457   1.70097388  1.6264232 ]
[ 1.26443231  1.63899743  1.32553307  1.87575852  1.47920725  2.82515612
  1.25767335  2.64029197  1.70082589  1.62809546]
[ 1.26530754  1.6374982   1.32514282  1.87908163  1.48093449  2.82368416
  1.25953518  2.63803044  1.69971749  1.62985327]
[ 1.2665265   1.6357345   1.32469396  1.88160792  1.48293788  2.82183415
  1.26157462  2.63563396  1.69869202  1.63106717]
[ 1.26747961  1.63392449  1.32425512  1.8833554   1.48480435  2.82033053
  1.26330347  2.63387516  1.69786593  1.63166193]
[ 1.26835272  1.63356671  1.32450993  1.88413855  1.48565538  2.81954386
  1.26460683  2.63254669  1.69909733  1.6341926 ]
[ 1.2686985   1.63408579  1.32516603  1.88293841  1.48496965  2.82116911
  1.26487635  2.6336638   1.70116357  1.63615387]
[ 1.26858523  1.63482913  1.325889    1.88146679  1.48377372  2.82459725
  1.26468914  2.63658875  1.70329777  1.63781631]
[ 1.26857322  1.63554912  1.32662785  1.87995917  1.48247749  2.82855939
  1.26460983  2.63955661  1.70508952  1.63972575]
[ 1.26882496  1.63608239  1.32727982  1.87855312  1.48138837  2.83224481
  1.26474822  2.64191899  1.70646401  1.6414526 ]
[ 1.26919422  1.63499987  1.32711413  1.87925322  1.48206611  2.83339007
  1.26567075  2.6420619   1.70597721  1.64165999]
[ 1.27009738  1.63288061  1.32653443  1.88127018  1.48387639  2.83225698
  1.26748635  2.63982479  1.7044833   1.64218997]
[ 1.2713625   1.63079156  1.32593723  1.88327785  1.48586337  2.83034193
  1.26954954  2.63714565  1.70298724  1.64310713]
[ 1.27237469  1.6290527   1.32543368  1.88503747  1.487558    2.82836785
  1.27135902  2.63472956  1.70156328  1.64474167]
[ 1.27335269  1.62907575  1.32571883  1.8860299   1.48812054  2.8269067
  1.27279789  2.63247391  1.70226148  1.64919084]
[ 1.27381313  1.63015917  1.32646573  1.88493334  1.48709753  2.82785539
  1.27316787  2.63269626  1.70389886  1.65328446]
[ 1.27379997  1.63147658  1.32727338  1.88350924  1.48565355  2.83063046
  1.27303784  2.63484922  1.70566375  1.65674375]
[ 1.27388694  1.63263597  1.32804413  1.88184184  1.48428585  2.83402558
  1.27296659  2.63715526  1.70706414  1.65991883]
[ 1.27424443  1.63341364  1.328671    1.8798451   1.48327299  2.83735012
  1.27306396  2.63896167  1.70799325  1.66248913]
[ 1.27473558  1.63238255  1.32841753  1.87988472  1.48410166  2.83837277
  1.27392917  2.63882066  1.70696291  1.66310573]
[ 1.2757962   1.63022408  1.32774613  1.88110521  1.48599922  2.83732356
  1.27568183  2.63652796  1.70493545  1.66366933]
[ 1.27722787  1.62809086  1.3270624   1.88237369  1.48798743  2.83556234
  1.27767006  2.63396542  1.70294841  1.66439944]
[ 1.2783665   1.62635679  1.32648336  1.88364709  1.4896117   2.83366596
  1.27941495  2.6317177   1.70107544  1.66596627]
[ 1.27944112  1.62648604  1.32674602  1.88428678  1.49001597  2.83217682
  1.28082639  2.6295921   1.70146463  1.67061929]
[ 1.27994708  1.62778132  1.32752127  1.88291684  1.48875689  2.83302167
  1.28117091  2.62996209  1.70293967  1.67500838]
[ 1.2799434   1.62939934  1.32838936  1.88131809  1.48705244  2.83556901
  1.28102896  2.6322286   1.7046391   1.67878424]
[ 1.28000404  1.63093437  1.32922074  1.88005983  1.48546355  2.8384474
  1.28099057  2.63462402  1.70599575  1.68209639]
[ 1.2802992   1.63218832  1.32989431  1.87921557  1.48427906  2.84092716
  1.28116761  2.63647362  1.70680288  1.68469032]
[ 1.28073576  1.63158359  1.32962071  1.88101475  1.48505972  2.84099882
  1.28215064  2.63640132  1.70551568  1.68521125]
[ 1.28179979  1.62970261  1.32891032  1.88377003  1.48698801  2.83924674
  1.28402327  2.63427126  1.70325493  1.68515129]
[ 1.28326815  1.62750964  1.32814766  1.88591795  1.48910319  2.83719127
  1.2860557   2.63222532  1.70123601  1.68381964]
[ 1.28442779  1.62535713  1.32742755  1.88755599  1.49095383  2.83533495
  1.2877588   2.63078606  1.69952007  1.68194861]
[ 1.28547933  1.62485036  1.32753527  1.88784282  1.49158594  2.83409144
  1.28905897  2.62944143  1.70018588  1.68252835]
[ 1.28591761  1.62549494  1.32816298  1.88588154  1.49053302  2.83517453
  1.28925381  2.63043707  1.70200312  1.68310159]
[ 1.28583466  1.62659926  1.32893968  1.88365641  1.4889233   2.83793819
  1.28896967  2.6331082   1.70411155  1.68384463]
[ 1.28583059  1.62781278  1.32976064  1.88190227  1.48727684  2.84099147
  1.28883234  2.63570913  1.70598052  1.6848909 ]
[ 1.28605749  1.62896198  1.33049563  1.88097804  1.4858907   2.84357466
  1.28897013  2.637638    1.70740519  1.68583861]
[ 1.28640662  1.62847684  1.33030202  1.88333379  1.48638231  2.84351571
  1.28997736  2.63749503  1.70661592  1.68542745]
[ 1.28741731  1.62684746  1.32966103  1.88726888  1.48802872  2.84135268
  1.29196983  2.63506926  1.70470598  1.68518287]
[ 1.28888098  1.62497683  1.32896885  1.89069425  1.48989762  2.83880329
  1.29416994  2.63252674  1.70293803  1.68436249]
[ 1.29004883  1.62302264  1.32829324  1.89335582  1.49161407  2.83657732
  1.29601286  2.63063106  1.70149276  1.68277361]
[ 1.29107108  1.62242574  1.32839923  1.89392243  1.49219473  2.8351672
  1.29736505  2.62881147  1.70251238  1.68285748]
[ 1.29140132  1.6226503   1.32892765  1.89182718  1.491202    2.83622109
  1.29748549  2.62943495  1.70467072  1.68220446]
[ 1.2911498   1.62307019  1.32951897  1.88932941  1.48970203  2.83908417
  1.29704756  2.63183816  1.707059    1.68131892]
[ 1.29098847  1.62341012  1.33010574  1.88687983  1.48815125  2.8424266
  1.29669365  2.63416104  1.70913219  1.68069533]
[ 1.29110106  1.62354721  1.33058987  1.88476088  1.48685721  2.84552033
  1.29657444  2.63581284  1.71075466  1.68000984]
[ 1.29137209  1.62208755  1.33015641  1.88595222  1.48747072  2.84604951
  1.29733855  2.63547138  1.71006741  1.67803305]
[ 1.29234557  1.61960647  1.32928711  1.88899218  1.4892849   2.84431318
  1.29915948  2.63272032  1.70816084  1.6765787 ]
[ 1.29380035  1.61718542  1.32840695  1.89205363  1.49131564  2.84180613
  1.3013003   2.62945889  1.70622915  1.67572326]
[ 1.2950088   1.6151607   1.32764786  1.89456647  1.49307987  2.83923594
  1.30318736  2.62635379  1.70438692  1.67589129]
[ 1.29618437  1.61493438  1.32780293  1.8950695   1.4936078   2.83724909
  1.30472249  2.62291425  1.70504357  1.67919007]
[ 1.29673215  1.61589005  1.32851511  1.89267791  1.49243462  2.83770613
  1.30504613  2.62188988  1.70701957  1.68249666]
[ 1.29669676  1.61718554  1.32934142  1.88976142  1.49073299  2.83998775
  1.30479001  2.62280239  1.70931946  1.68553931]
[ 1.29673505  1.61832498  1.33013964  1.88678265  1.48901352  2.84282457
  1.30456708  2.62389671  1.71131295  1.6883132 ]
[ 1.29703131  1.61905786  1.33077253  1.88384591  1.48758459  2.84562824
  1.30450659  2.62461993  1.71280328  1.69043207]
[ 1.29749961  1.61797965  1.33041865  1.88420445  1.48805795  2.84613853
  1.30528197  2.62379677  1.71186821  1.69070502]
[ 1.29871188  1.61575028  1.32961909  1.88617237  1.48961789  2.84469908
  1.30706467  2.6209319   1.70973143  1.69086823]
[ 1.30041522  1.61348997  1.32879842  1.88800244  1.49129768  2.84269265
  1.30910375  2.6178943   1.70763727  1.69097796]
[ 1.30182685  1.61155074  1.32807666  1.88934936  1.49267169  2.84068068
  1.31084757  2.61526023  1.70569314  1.69159529]
[ 1.30314206  1.61140675  1.32827855  1.88863117  1.49277332  2.83924504
  1.31221938  2.61243594  1.70628831  1.6949542 ]
[ 1.30374525  1.61248806  1.32903671  1.88515875  1.49119765  2.84017968
  1.31236514  2.61219004  1.70818362  1.69803984]
[ 1.30371272  1.61399325  1.32991008  1.88137706  1.48916967  2.84276789
  1.31195644  2.61392855  1.71036329  1.70073301]
[ 1.30369785  1.6154377   1.3307441   1.8781304   1.48723416  2.84559673
  1.31165597  2.61588639  1.71215167  1.70296189]
[ 1.30387344  1.61662079  1.33140023  1.87571099  1.48564491  2.84801432
  1.31160833  2.61747166  1.71328886  1.70448374]
[ 1.3042102   1.61603446  1.3310201   1.87729894  1.48599624  2.84788159
  1.31247205  2.61749034  1.71186567  1.70436358]
[ 1.30534692  1.61427039  1.33019186  1.88065724  1.48744352  2.845814
  1.31437663  2.61541255  1.7092597   1.70406191]
[ 1.30700823  1.61224463  1.32931982  1.88363431  1.48904367  2.84337946
  1.31647464  2.61334413  1.70689487  1.70273518]
[ 1.30834067  1.61013711  1.32847416  1.88598734  1.49043407  2.84115152
  1.3181836   2.61196029  1.70495326  1.70043507]
[ 1.3094589   1.60940087  1.32847892  1.88569332  1.4905906   2.83969517
  1.31938359  2.61047354  1.70567268  1.69950553]
[ 1.3097446   1.60957926  1.32894393  1.88255776  1.4891481   2.84058731
  1.3192769   2.61150861  1.70766569  1.69782372]
[ 1.30935431  1.61005997  1.32948972  1.87912177  1.48725795  2.8431339
  1.31859847  2.6143423   1.70995347  1.69597607]
[ 1.30901671  1.61050984  1.33002399  1.87610939  1.48543346  2.84595549
  1.31804213  2.61709602  1.71190489  1.69427329]
[ 1.30892585  1.61081362  1.33044506  1.87384164  1.48393944  2.84840528
  1.31776887  2.61917063  1.71332606  1.69251355]
[ 1.30901782  1.60955827  1.32987642  1.87576888  1.48441338  2.84820258
  1.31845107  2.6194305   1.71214949  1.68971662]
[ 1.30994655  1.60728729  1.32886176  1.87989167  1.4861027   2.84579502
  1.32028306  2.61726835  1.70964817  1.68750992]
[ 1.3114461   1.60500804  1.32783526  1.88394003  1.48801451  2.8427295
  1.32244237  2.61463508  1.70717894  1.68568606]
[ 1.31268128  1.60293427  1.32690523  1.88728771  1.48971392  2.83972203
  1.32431246  2.61226386  1.70495261  1.68431679]
[ 1.31380767  1.60239723  1.32690804  1.88766296  1.49016915  2.83746894
  1.32577942  2.60933989  1.70550659  1.68546185]
[ 1.31415372  1.60285638  1.32744747  1.88475901  1.48894831  2.83767064
  1.32591881  2.60873204  1.70759436  1.68634607]
[ 1.31382035  1.60356808  1.3280819   1.88135384  1.48720454  2.83967231
  1.32541904  2.60992513  1.71013948  1.68706157]
[ 1.31356335  1.60408678  1.32867995  1.87801316  1.48544864  2.84220209
  1.32492721  2.61108248  1.7124314   1.6877378 ]
[ 1.31358909  1.60423595  1.3291199   1.87498156  1.48398409  2.84468676
  1.32460017  2.61165114  1.71424431  1.68808162]
[ 1.31383488  1.60271484  1.3285456   1.87613368  1.48445961  2.84478759
  1.32515929  2.61074886  1.71338446  1.68694651]
[ 1.31495358  1.60013496  1.32752236  1.8793653   1.48609001  2.8428763
  1.32683441  2.6077096   1.71115732  1.68599225]
[ 1.31665314  1.59759117  1.32649016  1.88251868  1.48789738  2.84033204
  1.32883317  2.60434863  1.70891046  1.68530079]
[ 1.3180904   1.59542947  1.32558311  1.88495713  1.48943354  2.83778039
  1.33056158  2.60126594  1.70679243  1.68543191]
[ 1.31946418  1.59503905  1.32567436  1.88436194  1.4896932   2.83590164
  1.33197535  2.59749519  1.7074468   1.68861186]
[ 1.32008405  1.59593176  1.32639642  1.88037378  1.48824255  2.83644027
  1.33210757  2.59602432  1.70971715  1.69191356]
[ 1.32001856  1.59730923  1.32727822  1.87581792  1.48629654  2.83868684
  1.331632    2.59636021  1.7124602   1.69518696]
[ 1.31996777  1.59862527  1.32814163  1.87164517  1.48436675  2.84126296
  1.3312209   2.59682304  1.71489886  1.69815552]
[ 1.32010269  1.5996407   1.32882244  1.86823706  1.48269586  2.84358015
  1.33102484  2.5969483   1.71671486  1.70043673]
[ 1.32043428  1.59893792  1.32842677  1.86941126  1.48289532  2.84345648
  1.33173306  2.59592872  1.71568554  1.70110855]
[ 1.32168919  1.59708358  1.32757292  1.87259219  1.48413342  2.84152352
  1.33352513  2.59300859  1.71331837  1.7015473 ]
[ 1.32354741  1.59502987  1.32668117  1.87547131  1.48548656  2.83922026
  1.33552721  2.59015778  1.7111263   1.70114157]
[ 1.3250806   1.59296511  1.32582899  1.87771813  1.4866184   2.83707465
  1.3371332   2.58803369  1.70931217  1.6999618 ]
[ 1.3263504   1.59221831  1.32585735  1.87666258  1.48649136  2.83573789
  1.33821833  2.58559462  1.71026055  1.69998   ]
[ 1.32665773  1.59238499  1.32634026  1.87256353  1.48478823  2.83671011
  1.3379056   2.58579188  1.71254216  1.69908965]
[ 1.32618284  1.59285934  1.3268739   1.86827013  1.482692    2.83927212
  1.33696694  2.58793459  1.71508455  1.69786772]
[ 1.32570853  1.59326301  1.32735275  1.86457837  1.48071213  2.84206353
  1.33612641  2.59015261  1.71717974  1.69651325]
[ 1.32544061  1.59348571  1.32767851  1.86177734  1.47907606  2.84450733
  1.33556397  2.59187305  1.71860866  1.69489876]
[ 1.3253922   1.59219481  1.32696627  1.86372553  1.47940086  2.84433286
  1.335988    2.59220209  1.71716928  1.69231816]
[ 1.32630547  1.58991837  1.32581091  1.86803813  1.48091891  2.84203344
  1.33762695  2.59019493  1.71430498  1.69027707]
