[ 1.96239719  2.14291238  1.80815296  2.12304126  2.20659692  2.14478666
  1.91514239  2.00062703  2.0478074   2.17646803]
[ 1.94332361  2.16543378  1.79865449  2.1244744   2.18315792  2.14509147
  1.93333948  2.02033585  2.04737202  2.15486398]
[ 1.92458571  2.18690611  1.78562977  2.12208382  2.16014997  2.1471829
  1.95118079  2.03894739  2.04610112  2.13349247]
[ 1.90616523  2.20590349  1.77177508  2.11515792  2.13737851  2.14930492
  1.96791807  2.05504543  2.04356807  2.11220167]
[ 1.88804344  2.22224355  1.7575983   2.10515477  2.11490229  2.14958931
  1.98285339  2.06622125  2.03876113  2.09096295]
[ 1.87020451  2.23616047  1.74332224  2.09335685  2.09285088  2.14946423
  1.99551845  2.07005548  2.0318198   2.06977198]
[ 1.85263029  2.24792006  1.72904349  2.07980761  2.07119993  2.14937438
  2.00562676  2.0668874   2.02480435  2.04869714]
[ 1.83530132  2.25782721  1.71480221  2.06413162  2.04980741  2.14925212
  2.01303704  2.05847026  2.01977242  2.02784615]
[ 1.81823929  2.26641795  1.70062257  2.04695267  2.02866964  2.14906487
  2.0174247   2.04676344  2.01747597  2.00755348]
[ 1.80148202  2.27475338  1.68653604  2.02899307  2.00789975  2.14939327
  2.01831511  2.03299059  2.01739195  1.98824166]
[ 1.78512832  2.28401707  1.67255462  2.01143477  1.98780996  2.15076683
  2.01562395  2.01813091  2.01829244  1.97014549]
[ 1.76932272  2.29446644  1.65868383  1.99790006  1.96932423  2.15274062
  2.00981523  2.00310049  2.01852496  1.95323994]
[ 1.75424955  2.30575902  1.64493633  1.99028807  1.95440734  2.15439036
  2.00189971  1.98948412  2.01669248  1.93720605]
[ 1.73974399  2.31751969  1.63134485  1.98647877  1.94356614  2.15568054
  1.99262754  1.97771347  2.01253964  1.92141444]
[ 1.72565225  2.32948218  1.6179241   1.98549431  1.93604131  2.15665863
  1.98215051  1.96711362  2.00702259  1.90561845]
[ 1.71189575  2.34120086  1.60469103  1.98619045  1.9304152   2.15738133
  1.96995546  1.9562692   2.00132584  1.88994805]
[ 1.69849039  2.35228209  1.59165857  1.9870155   1.92495732  2.15838235
  1.95585827  1.94394586  1.99702948  1.87498681]
[ 1.68583851  2.3627138   1.57881618  1.98724099  1.91888215  2.16220771
  1.94028276  1.9305703   1.99492398  1.86238738]
[ 1.67420488  2.37248519  1.566123    1.98721223  1.912425    2.17004777
  1.92358915  1.9168171   1.99409938  1.85291491]
[ 1.6636214   2.38193903  1.55355457  1.98760841  1.90663452  2.18119484
  1.90605604  1.90480304  1.99081602  1.84583307]
[ 1.65380236  2.39194996  1.54109553  1.98957584  1.90345903  2.19422672
  1.88808038  1.89796545  1.98241232  1.83937426]
[ 1.64447945  2.40363377  1.52875068  1.99538351  1.90460079  2.20779427
  1.87078025  1.89781795  1.97072765  1.8318955 ]
[ 1.6352439   2.41722422  1.51655627  2.00526315  1.90966923  2.2208469
  1.85460932  1.90277505  1.95787277  1.82255299]
[ 1.62589066  2.43214483  1.50455299  2.01807752  1.91747678  2.23346484
  1.83887455  1.91090539  1.94453959  1.81147402]
[ 1.61653135  2.44677625  1.49282163  2.03209108  1.92623921  2.24636197
  1.82264838  1.92001994  1.93056121  1.79943686]
[ 1.6075429   2.45928484  1.4814304   2.04497133  1.93374153  2.26048323
  1.8057964   1.92756488  1.91599564  1.78774113]
[ 1.59951782  2.46904278  1.47036012  2.05565771  1.93905501  2.27694178
  1.78850384  1.9329067   1.90053636  1.77787289]
[ 1.59231596  2.47667529  1.45950462  2.06538527  1.94319511  2.29452955
  1.77093285  1.9369531   1.88383872  1.76897958]
[ 1.58552759  2.4831058   1.44877249  2.07600232  1.94781031  2.31155208
  1.75326515  1.94118163  1.86603315  1.75942821]
[ 1.578888    2.48895849  1.43813568  2.08878445  1.95415268  2.32712254
  1.73566667  1.9469072   1.8475958   1.74847035]
[ 1.57234289  2.49449522  1.4276231   2.10405739  1.96262173  2.34163586
  1.71824546  1.95481904  1.82912186  1.73620374]
[ 1.56582179  2.49941473  1.41732687  2.12068298  1.97220215  2.35599064
  1.70106401  1.96401137  1.81147831  1.72320405]
[ 1.559443    2.50336183  1.40733863  2.1367786   1.98129223  2.37219977
  1.68418876  1.97343867  1.79513165  1.71042951]
[ 1.55322082  2.50613703  1.39771231  2.15101246  1.98879038  2.39095261
  1.66763015  1.98249978  1.78014126  1.69850931]
[ 1.54703927  2.50746117  1.388467    2.16275525  1.99415388  2.41143504
  1.65143544  1.99057219  1.76608049  1.68744874]
[ 1.54110721  2.5069006   1.37957743  2.17249262  1.99794031  2.43256133
  1.63562901  1.99748331  1.75233493  1.67717272]
[ 1.53550846  2.50403433  1.37101101  2.18138464  2.00114875  2.45163596
  1.6202417   2.00287936  1.73830506  1.66697364]
[ 1.53044278  2.4985751   1.36273299  2.1898736   2.00445623  2.46686213
  1.60524661  2.00649377  1.72351056  1.65652071]
[ 1.52603648  2.4905669   1.3547175   2.19811622  2.00823265  2.47831081
  1.59062168  2.00854124  1.70819354  1.6457539 ]
[ 1.52226148  2.48036285  1.34695133  2.20623021  2.01259305  2.4872339
  1.57630686  2.00978996  1.69289549  1.63472897]
[ 1.51881415  2.46866265  1.33947293  2.21324907  2.01665666  2.49534933
  1.56231546  2.01095836  1.67855039  1.62386746]
[ 1.51532484  2.45642623  1.33227861  2.21829115  2.01952316  2.50532878
  1.54875927  2.01326473  1.66636902  1.61367114]
[ 1.51148802  2.44431164  1.32537157  2.22114782  2.02069019  2.51849567
  1.53556227  2.01728813  1.65650152  1.60431838]
[ 1.50718982  2.43258766  1.31876471  2.22193411  2.01988474  2.53445983
  1.5227671   2.02287095  1.64854224  1.59575263]
[ 1.50265781  2.42095969  1.31243306  2.22176935  2.01811908  2.55194921
  1.51059842  2.02992713  1.64236803  1.5875938 ]
[ 1.49817409  2.40840588  1.30636324  2.22248197  2.01681389  2.5677962
  1.49927573  2.03720318  1.63745008  1.57898291]
[ 1.49417048  2.39406785  1.30052268  2.22445346  2.0166978   2.57954175
  1.48871198  2.04318231  1.63233129  1.56972092]
[ 1.49085487  2.37781129  1.29490905  2.22742523  2.01785342  2.5870017
  1.47877902  2.04746305  1.62661035  1.5599319 ]
[ 1.48827985  2.35987894  1.28955101  2.23071922  2.01980845  2.59129038
  1.46924663  2.05031648  1.62032316  1.54999493]
[ 1.48615845  2.34103443  1.28448481  2.23274663  2.02101913  2.59445102
  1.45998335  2.05273972  1.61419466  1.54072581]
[ 1.48397264  2.32210737  1.27966341  2.23276535  2.02062249  2.59941197
  1.45123592  2.05701149  1.61000691  1.53261267]
[ 1.4812534   2.30351265  1.27503961  2.23072344  2.01830232  2.60757243
  1.44278672  2.06394258  1.60790552  1.52556688]
[ 1.47790714  2.28561421  1.27060204  2.22702747  2.01407529  2.61873568
  1.4346416   2.07313405  1.60754436  1.51942785]
[ 1.47423196  2.26825072  1.26633922  2.22262221  2.00885747  2.63174337
  1.42695444  2.08403006  1.60860215  1.51388647]
[ 1.47072791  2.25126058  1.2623163   2.21898853  2.00370162  2.64380038
  1.41986059  2.09436792  1.61043523  1.50843984]
[ 1.46797653  2.23420541  1.25851277  2.2161949   1.99919191  2.6525016
  1.41329769  2.10212815  1.61143212  1.50300288]
[ 1.46611579  2.21669983  1.2549073   2.21401801  1.99548671  2.65749831
  1.40717847  2.10731601  1.61118769  1.49748587]
[ 1.46497431  2.19841164  1.25150344  2.21237495  1.9927093   2.65951967
  1.40131345  2.11067832  1.60988927  1.49175794]
[ 1.46402794  2.17952886  1.24829462  2.21002177  1.98967085  2.66014351
  1.39549257  2.11334114  1.60810694  1.48620843]
[ 1.46264551  2.16044048  1.24523353  2.2062278   1.98563495  2.66186347
  1.38987034  2.11788894  1.60751088  1.48115744]
[ 1.46032903  2.141448    1.24228881  2.20076237  1.98026813  2.66612772
  1.38416573  2.12523551  1.60821686  1.47653836]
[ 1.45715475  2.12307231  1.23945855  2.1938847   1.97344301  2.67289907
  1.37842368  2.13481191  1.60994004  1.47235764]
[ 1.45353852  2.10488335  1.23671701  2.18647878  1.96591877  2.68129212
  1.37286674  2.14634503  1.61258065  1.46846604]
[ 1.45002771  2.0869382   1.23410809  2.18015585  1.95890038  2.68901846
  1.36769283  2.15785775  1.61581037  1.46449433]
[ 1.44724105  2.06927798  1.23160555  2.17504673  1.95304124  2.69372888
  1.36295089  2.16675526  1.61801064  1.46041606]
[ 1.44533555  2.05181818  1.2292018   2.17086284  1.94846028  2.69518724
  1.3586181   2.17285736  1.6189045   1.45628391]
[ 1.44415089  2.03454799  1.22693806  2.16752024  1.9452798   2.69409597
  1.3545442   2.17682759  1.61870349  1.45204515]
[ 1.44322695  2.01774236  1.22482961  2.16393181  1.94196225  2.69181814
  1.35049912  2.17951023  1.61779916  1.44794206]
[ 1.44204864  2.00134054  1.22284249  2.15973463  1.93772152  2.69047193
  1.34660773  2.18352014  1.61803165  1.4440481 ]
[ 1.44014294  1.98528081  1.22093422  2.1546912   1.93230148  2.69127581
  1.34250075  2.1898334   1.61942353  1.44015265]
[ 1.437595    1.96999206  1.21909232  2.1489109   1.92565601  2.6941102
  1.3382228   2.19777784  1.62167489  1.43635707]
[ 1.43477725  1.95527228  1.21729929  2.14269108  1.91826878  2.69808193
  1.33399845  2.20683748  1.62452697  1.43276209]
[ 1.4320723   1.94134009  1.21560455  2.13703611  1.91109056  2.70145817
  1.33003259  2.21508054  1.62766334  1.42926125]
[ 1.42988522  1.92809014  1.21396775  2.13198569  1.90464701  2.70239375
  1.32646428  2.22029772  1.62949955  1.42578945]
[ 1.42820634  1.91483264  1.21236385  2.12747287  1.89928994  2.70094149
  1.32323451  2.22311443  1.62990893  1.42221772]
[ 1.42675201  1.90109327  1.21083402  2.12392539  1.89555504  2.69789394
  1.32015651  2.22483522  1.62933118  1.41829581]
[ 1.42512006  1.88739803  1.20939725  2.12016164  1.89160281  2.69437244
  1.31694457  2.22591317  1.62798658  1.41425706]
[ 1.42298029  1.87393527  1.20805845  2.11557084  1.88642012  2.69189688
  1.31362411  2.228545    1.62735846  1.410283  ]
[ 1.4199751   1.86066626  1.20679718  2.10979816  1.87971791  2.69150317
  1.30989785  2.23384822  1.62743156  1.40623192]
[ 1.41636971  1.84808088  1.20559977  2.10293651  1.87153267  2.69295994
  1.30592287  2.24087467  1.62793051  1.40229218]
[ 1.41268176  1.836305    1.20444485  2.09522953  1.86237786  2.69550514
  1.30199071  2.24882062  1.62882091  1.39869351]
[ 1.40939366  1.82608659  1.20339048  2.08753612  1.85319579  2.69787362
  1.29832888  2.25526084  1.63003651  1.39555457]
[ 1.40695411  1.81759247  1.20238197  2.07992285  1.84457268  2.69844985
  1.29520772  2.25791238  1.6301833   1.39297981]
[ 1.40524469  1.80982346  1.20138513  2.07246889  1.83712412  2.69714224
  1.2925574   2.25790162  1.62909179  1.39077046]
[ 1.403793    1.80137106  1.20043611  2.06649688  1.83222352  2.69471203
  1.29013383  2.25761316  1.62729314  1.3883748 ]
[ 1.40214773  1.79211414  1.19953986  2.06148006  1.82879287  2.69226636
  1.28757234  2.25818144  1.62511787  1.38574001]
[ 1.40005926  1.7823388   1.19872643  2.05678074  1.82558794  2.69107305
  1.28482297  2.26144049  1.62409349  1.38294688]
[ 1.39717286  1.77217814  1.19797744  2.05182934  1.82189409  2.6919772
  1.28158785  2.26805878  1.62407589  1.37981991]
[ 1.3937845   1.76241473  1.19727515  2.04635102  1.8172775   2.69459431
  1.2780897   2.27642842  1.62453193  1.37666359]
[ 1.39035867  1.75291544  1.19659255  2.04079153  1.81210823  2.69806019
  1.27467652  2.28609783  1.62527604  1.37369612]
[ 1.38717933  1.74397405  1.19596343  2.03588647  1.80738906  2.70120483
  1.27153062  2.29525274  1.62620578  1.37091864]
[ 1.38466575  1.73593967  1.19532649  2.03135605  1.80348725  2.70248056
  1.26895304  2.301134    1.62596255  1.36848656]
[ 1.38281131  1.72850415  1.19466617  2.02684729  1.8004587   2.7019428
  1.26689482  2.30438208  1.62453047  1.36640264]
[ 1.38131544  1.72134261  1.19405098  2.02262752  1.79859682  2.70036441
  1.26515204  2.30655387  1.62240318  1.36442809]
[ 1.37989392  1.71465875  1.1934919   2.01799162  1.79648802  2.69881535
  1.2633857   2.30839699  1.61987481  1.36273273]
[ 1.37835496  1.7084627   1.19303086  2.01284778  1.7932065   2.69834553
  1.26152839  2.31170649  1.6184808   1.36134601]
[ 1.37613393  1.70228297  1.19264009  2.00691943  1.78854826  2.69983727
  1.25915925  2.31787645  1.61806406  1.35979757]
[ 1.37341892  1.69642108  1.1922877   2.0004873   1.78260939  2.70289047
  1.25650033  2.32556827  1.61802332  1.35820441]
[ 1.3706203   1.69048284  1.19194581  1.9942873   1.77612918  2.70654113
  1.25395064  2.33470146  1.61817384  1.35661898]
[ 1.36790423  1.68437414  1.19161849  1.98923505  1.77044717  2.70969187
  1.25164607  2.3439848   1.61846574  1.35488626]
[ 1.36567855  1.67840099  1.19122835  1.98520024  1.76602757  2.71085213
  1.24991344  2.35042826  1.61764195  1.35321559]
[ 1.36402263  1.67257705  1.19077399  1.98163099  1.7626792   2.71013955
  1.24870826  2.35430321  1.61577484  1.35174941]
[ 1.36274079  1.66706754  1.19035335  1.97837976  1.76021955  2.70838879
  1.24782955  2.35676738  1.61338272  1.3504233 ]
[ 1.36167223  1.6623164   1.18999091  1.97477869  1.75726008  2.70663512
  1.24695621  2.35828315  1.61067281  1.34955041]
[ 1.36074126  1.65845876  1.18975493  1.97083209  1.75308746  2.70581212
  1.24602191  2.36042956  1.60913716  1.34919692]
[ 1.35927735  1.65483178  1.18960714  1.96609726  1.74784688  2.70690257
  1.24450986  2.36507477  1.60859512  1.34874222]
[ 1.35739888  1.65151134  1.18949829  1.96109376  1.74191909  2.7095246
  1.24265148  2.37100797  1.60844816  1.34824041]
[ 1.3554735   1.64804613  1.18939162  1.95638197  1.73585577  2.71264543
  1.24088739  2.37828208  1.60842393  1.34769436]
[ 1.35355401  1.64403691  1.18926038  1.95268317  1.73080965  2.71524706
  1.2393317   2.38628167  1.60853105  1.34684081]
[ 1.3519662   1.6396178   1.18900642  1.94999285  1.72726359  2.71592229
  1.23831953  2.39198663  1.60758103  1.3458392 ]
[ 1.35082931  1.63500681  1.18864702  1.94767881  1.72473887  2.71484744
  1.23780313  2.39539443  1.6056837   1.34490645]
[ 1.35000434  1.63066484  1.18830571  1.94549304  1.72267106  2.71291864
  1.23757069  2.39734422  1.60338025  1.34409145]
[ 1.34932892  1.62708051  1.18801466  1.94300719  1.71975092  2.71112034
  1.23730464  2.39816506  1.60080811  1.34374488]
[ 1.34878239  1.62453323  1.18787264  1.94021876  1.7152742   2.71023504
  1.23694745  2.39925578  1.599314    1.34399067]
[ 1.34762751  1.62228203  1.18783215  1.93631656  1.70951204  2.71127466
  1.23594704  2.40288129  1.59867389  1.34410628]
[ 1.34597586  1.62023913  1.18783083  1.93208255  1.70322344  2.71385394
  1.2345659   2.40789671  1.59832797  1.3441005 ]
[ 1.34428345  1.61813011  1.18783132  1.92786483  1.69690028  2.71693219
  1.23325987  2.41393382  1.59799505  1.34407384]
[ 1.34265775  1.61557266  1.18779349  1.92419146  1.69153758  2.71954187
  1.23212374  2.42050969  1.59773666  1.34382502]
[ 1.34137451  1.61243266  1.18759324  1.92148519  1.68800035  2.72032099
  1.23150655  2.424927    1.59650275  1.34341907]
[ 1.34051806  1.60884576  1.1872606   1.91912412  1.68588165  2.71946849
  1.2313462   2.42758901  1.59449746  1.34300556]
[ 1.33986994  1.60521833  1.1869338   1.91678006  1.68464959  2.71793866
  1.23139227  2.4296364   1.59229304  1.34252291]
[ 1.33922053  1.6020924   1.18665907  1.91422125  1.68312825  2.71664751
  1.23134941  2.43099969  1.58993795  1.34227884]
[ 1.33867182  1.60001798  1.18656433  1.91153896  1.68031682  2.71624549
  1.23120178  2.43253248  1.58867265  1.34258337]
[ 1.33754061  1.59831277  1.18658908  1.90778875  1.67633492  2.71772907
  1.23039424  2.43648911  1.58817964  1.34275034]
[ 1.33596817  1.59687174  1.18665932  1.9038302   1.67195478  2.72072648
  1.22920185  2.44160646  1.58794928  1.34284723]
[ 1.33445296  1.59559053  1.18673989  1.89993161  1.66743037  2.72417914
  1.22806644  2.44703117  1.58770271  1.34307691]
[ 1.33310709  1.59414787  1.18679136  1.8964112   1.66341045  2.72712954
  1.22708365  2.45218006  1.58746992  1.34327091]
[ 1.33215581  1.59216319  1.18666161  1.89392664  1.66091669  2.72820122
  1.22665338  2.45461118  1.58628065  1.34338706]
[ 1.33160945  1.58955326  1.18637397  1.89173015  1.6597121   2.72762406
  1.22669788  2.45546947  1.58438623  1.34341533]
[ 1.33114285  1.58652512  1.18606792  1.88928173  1.65940761  2.72648106
  1.22689941  2.45670397  1.58244986  1.34309334]
[ 1.33046217  1.5836525   1.18579734  1.8865099   1.65879968  2.72561393
  1.22695291  2.45792391  1.58049047  1.34270936]
[ 1.32976741  1.58178174  1.18572461  1.88368311  1.65657655  2.72548182
  1.22689291  2.45933275  1.57959853  1.34280777]
[ 1.32846882  1.58034594  1.18578891  1.87982011  1.65273209  2.72710818
  1.22620646  2.46315408  1.57942853  1.34280822]
[ 1.32675424  1.57922332  1.18590692  1.87578874  1.64826874  2.73018162
  1.22517084  2.46804486  1.57947228  1.34282461]
[ 1.32518268  1.57836423  1.18604414  1.8719002   1.64370477  2.733695
  1.22420392  2.47301235  1.57951311  1.34309704]
[ 1.32389117  1.57751008  1.18616293  1.86849293  1.63972449  2.73674854
  1.22337364  2.47735572  1.5795939   1.3434811 ]
[ 1.32310618  1.57622507  1.18609268  1.86632875  1.63743461  2.73787674
  1.22311322  2.47851571  1.57876042  1.34394365]
[ 1.32281798  1.57435751  1.18585442  1.86460759  1.63659046  2.73728598
  1.22336192  2.47804946  1.57726935  1.34441601]
[ 1.32263965  1.57194311  1.18558422  1.86262203  1.63686821  2.7362186
  1.22376289  2.47881281  1.57578166  1.34447185]
[ 1.32223049  1.56951229  1.18534042  1.86017254  1.63724876  2.73553309
  1.22398939  2.48031591  1.57430777  1.34434576]
[ 1.3218223   1.56807695  1.18531273  1.8575766   1.63630118  2.73560059
  1.2240951   2.48215743  1.57392161  1.34470817]
[ 1.32086545  1.567151    1.18543861  1.85399281  1.6337744   2.73742381
  1.22358099  2.48630826  1.57423539  1.34502909]
[ 1.31949722  1.56655586  1.18562601  1.85025724  1.63052676  2.74067149
  1.22273077  2.49144111  1.57472609  1.34540801]
[ 1.31824679  1.56617866  1.18583597  1.84664479  1.62700703  2.74429673
  1.22198222  2.49672715  1.57519334  1.34602733]
[ 1.31723334  1.56571611  1.18601949  1.84340929  1.62385067  2.74742419
  1.22138999  2.50155857  1.57568879  1.34668378]
[ 1.31667006  1.564704    1.18599189  1.84133965  1.62219371  2.74854676
  1.22138553  2.50311466  1.57523178  1.34735096]
[ 1.31660653  1.56311218  1.18578134  1.83976539  1.62174676  2.74783981
  1.2219264   2.50261334  1.57407933  1.34804705]
[ 1.31672427  1.56113914  1.18553515  1.83794455  1.6220163   2.74655721
  1.2226542   2.50262064  1.57286109  1.34845713]
[ 1.31662306  1.55918856  1.18531102  1.83567626  1.62219969  2.74560207
  1.22321286  2.5031367   1.57162768  1.34872444]
[ 1.3164976   1.55823675  1.18531944  1.83330314  1.6210874   2.74535284
  1.22362544  2.5040139   1.57148999  1.34945194]
[ 1.3158136   1.55779424  1.18549651  1.82999451  1.61854137  2.7468646
  1.22338092  2.50727289  1.57203875  1.35006888]
[ 1.31469148  1.55763854  1.18574412  1.82660348  1.61550602  2.74982243
  1.22276999  2.51162249  1.57274652  1.3506608 ]
[ 1.31367382  1.55761082  1.18601435  1.82339236  1.61245996  2.7531728
  1.22225224  2.51643524  1.57342075  1.35139587]
[ 1.31289125  1.55738801  1.18624454  1.82049626  1.60992297  2.75606694
  1.22187916  2.52128046  1.57413261  1.35208721]
[ 1.31249084  1.55640572  1.18622997  1.81861397  1.60902967  2.7570675
  1.22204435  2.52343893  1.57386454  1.35263954]
[ 1.31259271  1.55485483  1.18602439  1.81726889  1.60925813  2.75622913
  1.22275575  2.52334926  1.57289657  1.35324908]
[ 1.31294425  1.55316615  1.18579161  1.81583028  1.60987295  2.75469348
  1.2236852   2.52274648  1.57178515  1.35378794]
[ 1.31311898  1.5516794   1.18559039  1.8140849   1.61016866  2.75337
  1.22448344  2.52193455  1.57058971  1.35436072]
[ 1.31326699  1.55126351  1.18564083  1.81229237  1.60912019  2.75269808
  1.2251404   2.52132897  1.57051737  1.35544545]
[ 1.31282621  1.55134515  1.18587136  1.80955421  1.60670142  2.75379582
  1.22510524  2.52318883  1.57112663  1.35635776]
[ 1.31188728  1.55162525  1.1861777   1.80674359  1.60392813  2.75638522
  1.22467143  2.52637254  1.57189298  1.35712912]
[ 1.31101099  1.55190371  1.18650146  1.80410025  1.6012994   2.75941244
  1.22432098  2.53043893  1.57261573  1.35791695]
[ 1.31035957  1.55185684  1.18676687  1.80162454  1.59926147  2.76204689
  1.22410567  2.53511348  1.5733634   1.35856599]
[ 1.31003556  1.55084093  1.18674912  1.80002013  1.59895084  2.76295197
  1.22438875  2.53778953  1.57308475  1.35891619]
[ 1.31019892  1.54922215  1.1865313   1.79890041  1.59968663  2.76209935
  1.22520324  2.53830639  1.57211087  1.35929846]
[ 1.31063261  1.54760496  1.18629228  1.79778873  1.60060965  2.76052813
  1.22624052  2.5377491   1.57096455  1.35973063]
[ 1.31089206  1.54631722  1.18609522  1.79653388  1.60103939  2.75909649
  1.22717433  2.53645577  1.56970835  1.36032531]
[ 1.3111219   1.54619181  1.18617202  1.79530645  1.60002433  2.75823106
  1.22798674  2.53510465  1.56963005  1.36150559]
[ 1.31075173  1.54659564  1.18644137  1.79313146  1.59762979  2.75907149
  1.2280893   2.53607494  1.57023213  1.36251009]
[ 1.30986186  1.54716695  1.18679202  1.79088155  1.59496794  2.76140025
  1.22776709  2.5383747   1.57098957  1.36331743]
[ 1.30902991  1.54773054  1.1871596   1.78881914  1.59255655  2.76415933
  1.22750012  2.54137993  1.57167788  1.36410172]
[ 1.30843856  1.54796965  1.18746069  1.78689042  1.59079784  2.76653621
  1.22734848  2.54498908  1.57234232  1.36473595]
[ 1.30816211  1.54708264  1.18744077  1.78581812  1.5908803   2.76730761
  1.22767547  2.54717731  1.57192449  1.3649633 ]
[ 1.30836314  1.54545891  1.18720558  1.78511095  1.59204557  2.76646967
  1.2285153   2.54785762  1.57085487  1.36511463]
[ 1.30881233  1.54376521  1.18694534  1.78429747  1.59339933  2.76503384
  1.22954227  2.54784     1.56966059  1.36523613]
[ 1.30905142  1.54239926  1.18673259  1.78337625  1.59420945  2.76374913
  1.23046613  2.54703724  1.56838238  1.36552348]
[ 1.3092605   1.54228932  1.18681642  1.78255318  1.59343975  2.76292397
  1.23130887  2.54587545  1.5683591   1.36649474]
[ 1.30888087  1.54281447  1.18711039  1.78080791  1.59111718  2.76367686
  1.23146697  2.54669471  1.56903804  1.36740178]
[ 1.30799253  1.5435936   1.18749845  1.77897425  1.58836496  2.76583068
  1.23122412  2.54848738  1.56986935  1.3682089 ]
[ 1.30716826  1.54447024  1.18791515  1.7773597   1.58574826  2.76834814
  1.23103331  2.55036667  1.57062915  1.3690606 ]
[ 1.30659665  1.54517456  1.18827611  1.77596964  1.58369619  2.77043522
  1.23095165  2.55208199  1.57131209  1.36985207]
[ 1.30634684  1.54470502  1.1882879   1.77554559  1.58355319  2.77095982
  1.23135065  2.55251449  1.57082452  1.37021822]
[ 1.30658477  1.5433185   1.18806289  1.77541449  1.58463899  2.77004033
  1.23225243  2.55247688  1.56972792  1.37037068]
[ 1.30704154  1.54160923  1.18779785  1.77497211  1.58613611  2.76873844
  1.23327496  2.55302617  1.56861346  1.3702465 ]
[ 1.3072506   1.54006793  1.18757534  1.77426658  1.5873129   2.76772886
  1.23413454  2.55342264  1.56747173  1.37011905]
[ 1.30743748  1.53980672  1.18766704  1.77354235  1.58701294  2.76719179
  1.23490957  2.55344088  1.56766138  1.37068995]
[ 1.30707253  1.54029054  1.18798186  1.77186141  1.5851209   2.76816955
  1.23501207  2.55513212  1.56856629  1.37132178]
[ 1.30622647  1.5411628   1.18840453  1.77007879  1.58260417  2.77047474
  1.23475234  2.55735157  1.56961468  1.37202228]
[ 1.30544711  1.54225571  1.18887166  1.76853213  1.57997264  2.77307592
  1.23457883  2.55912666  1.57060403  1.37289201]
[ 1.30490631  1.54334094  1.18930298  1.76733277  1.57766073  2.77520033
  1.23454274  2.55996164  1.57148619  1.37381305]
[ 1.30467713  1.54334526  1.1893778   1.76725929  1.57706665  2.77566288
  1.23503706  2.55878406  1.57107873  1.37441729]
[ 1.30495544  1.54242065  1.18920322  1.76757719  1.57765459  2.7746264
  1.23608404  2.55706031  1.57001454  1.37483767]
[ 1.30545535  1.54096485  1.1889696   1.76751208  1.57883477  2.77335268
  1.23721337  2.55706235  1.56899787  1.374788  ]
[ 1.30566957  1.53943201  1.18876427  1.76708474  1.57995845  2.77251177
  1.2381026   2.55787143  1.56803011  1.3744891 ]
[ 1.30582077  1.53904638  1.18887937  1.76643994  1.57982286  2.772224
  1.23884213  2.55874555  1.56846268  1.37472028]
[ 1.30540708  1.53936021  1.18921358  1.76472908  1.57823061  2.77344004
  1.23887019  2.56128183  1.56958457  1.37496813]
[ 1.30450374  1.54004344  1.18965252  1.7628638   1.57603646  2.77596402
  1.23854107  2.56436239  1.57079892  1.37530353]
[ 1.30366964  1.54094258  1.19013407  1.7611825   1.57368123  2.77875296
  1.23832335  2.56701284  1.57193137  1.37583874]
[ 1.3030733   1.54188006  1.1905849   1.75988528  1.57156016  2.78105152
  1.23826219  2.56855822  1.57293951  1.37646302]
[ 1.30279324  1.54183895  1.1906775   1.75989547  1.57101352  2.78158154
  1.23878608  2.56751574  1.57256795  1.37691523]
[ 1.30305443  1.54101048  1.19052112  1.76052074  1.57150202  2.78043049
  1.23994431  2.56506103  1.57147065  1.37737147]
[ 1.30360767  1.5398471   1.19030574  1.76091213  1.57240917  2.77886095
  1.2412715   2.56344729  1.57034449  1.37760797]
[ 1.30390913  1.53861416  1.19011233  1.76093629  1.57326833  2.77770598
  1.24236516  2.56274779  1.56926702  1.37764374]
[ 1.30413134  1.538445    1.19024338  1.76059117  1.57301291  2.77719862
  1.24325022  2.56253897  1.56964924  1.37808813]
[ 1.30374857  1.53882889  1.19058151  1.75903437  1.57152696  2.77829357
  1.24332688  2.56439647  1.57069707  1.37835886]
[ 1.30282294  1.53941518  1.19100884  1.75728066  1.56964398  2.78076284
  1.24298973  2.56723253  1.57177051  1.37854567]
[ 1.30193644  1.54000666  1.19145353  1.75561554  1.56777639  2.78354821
  1.24275278  2.570411    1.57269773  1.37876551]
[ 1.30128     1.54042155  1.19183522  1.75415149  1.56625101  2.78589725
  1.2426709   2.573436    1.57348928  1.37892032]
[ 1.30092666  1.53973046  1.19183197  1.753993    1.56631289  2.786541
  1.24316958  2.57455041  1.57287386  1.37881606]
[ 1.30112526  1.53831848  1.19157993  1.75452685  1.56729018  2.78545363
  1.24433334  2.57390096  1.5715253   1.37879171]
[ 1.30165671  1.53685455  1.19128605  1.75501029  1.56843005  2.78374622
  1.24574102  2.57265122  1.5700982   1.37885022]
[ 1.30201551  1.53564693  1.19103173  1.7551969   1.56925271  2.78222613
  1.24700932  2.57103677  1.56866325  1.37910117]
[ 1.30236612  1.5357472   1.1911283   1.75501437  1.56880227  2.78122414
  1.24814068  2.56920664  1.56877001  1.37999842]
[ 1.30215455  1.53654102  1.19145717  1.75354927  1.56708875  2.78181342
  1.24843942  2.56929536  1.56963247  1.38078179]
[ 1.30139629  1.53755208  1.19188588  1.75189274  1.56507681  2.78381028
  1.24826841  2.5704695   1.57056487  1.38140898]
[ 1.30065797  1.53844886  1.19232044  1.75033968  1.56326487  2.78618478
  1.2481437   2.57256738  1.57134219  1.38190173]
[ 1.30013748  1.53896671  1.19266093  1.74890246  1.56196418  2.78821686
  1.24813972  2.5755492   1.57196041  1.38215011]
[ 1.29989938  1.53818093  1.1925769   1.74878514  1.56233171  2.78867551
  1.24868645  2.57753886  1.57113709  1.38197539]
[ 1.30019375  1.53658747  1.1922361   1.74928336  1.56356645  2.78752637
  1.24986659  2.57812933  1.56960558  1.38176232]
[ 1.30079446  1.53496139  1.19186073  1.74969573  1.56486655  2.78581731
  1.25125728  2.57793463  1.56801304  1.38159482]
[ 1.30118691  1.53366384  1.19153936  1.74987397  1.5657198   2.78426561
  1.25251305  2.57693484  1.56641391  1.38166204]
[ 1.30154694  1.53377766  1.19159517  1.74969182  1.56514513  2.78315816
  1.25366739  2.57532618  1.56642163  1.38242457]
[ 1.30132752  1.53467683  1.19191094  1.74821183  1.56317934  2.78357447
  1.25398861  2.57547116  1.56725479  1.38311521]
[ 1.30055421  1.53587509  1.19234677  1.74656767  1.56083553  2.78532412
  1.2538467   2.57644263  1.56821266  1.38368787]
[ 1.29978367  1.53708903  1.19280626  1.74515588  1.55860889  2.78735229
  1.2537339   2.57737328  1.56902186  1.38419046]
[ 1.29921812  1.53809713  1.19318617  1.74404736  1.55683015  2.78895566
  1.25372607  2.57792866  1.56960975  1.38456455]
[ 1.29894241  1.53779007  1.19311562  1.74447571  1.55676609  2.78898525
  1.25427019  2.57719367  1.56867117  1.38454387]
[ 1.29921665  1.53652496  1.19277263  1.74549124  1.55767152  2.78754513
  1.25542415  2.57593146  1.56706547  1.38434695]
[ 1.29976229  1.53491421  1.19238508  1.74622624  1.55883964  2.78574439
  1.25667483  2.57546215  1.56552466  1.38384058]
[ 1.30003293  1.53333086  1.19204593  1.74660313  1.5597765   2.78426306
  1.25767066  2.57531538  1.56407518  1.38320816]
[ 1.30021743  1.53300071  1.19208886  1.74636473  1.5594187   2.78332222
  1.25849577  2.5749979   1.56428324  1.38308981]
[ 1.29982346  1.53345142  1.19239626  1.74471497  1.55770273  2.78388285
  1.25848277  2.57633961  1.56533285  1.38296543]
[ 1.29890824  1.53430092  1.19283574  1.74284198  1.55551246  2.78574482
  1.25805426  2.57818384  1.56653955  1.38291141]
[ 1.2980263   1.53533117  1.19332256  1.74117616  1.55326285  2.7878747
  1.2577086   2.57943882  1.56766242  1.38300814]
[ 1.29735373  1.536384    1.19376893  1.73994894  1.55126559  2.78959566
  1.25751399  2.57945553  1.56860665  1.38319823]
[ 1.29697483  1.53634068  1.1937783   1.74050943  1.55081595  2.78966467
  1.25794286  2.57715701  1.56792556  1.38322625]
[ 1.297174    1.53547539  1.19350783  1.7419132   1.55128524  2.78813613
  1.25907996  2.5735508   1.56646746  1.38327701]
[ 1.2976981   1.53431216  1.19317724  1.74311769  1.55204704  2.7861809
  1.2603876   2.57072404  1.56502178  1.38313302]
[ 1.29797202  1.53304152  1.1928767   1.74391442  1.55273423  2.78458257
  1.26141845  2.56899382  1.56369058  1.38276616]
[ 1.29812813  1.53279412  1.19294524  1.74383935  1.55233276  2.78361944
  1.26219314  2.56784195  1.56404085  1.3827235 ]
[ 1.29765832  1.53306883  1.19324892  1.74218133  1.55078592  2.78421622
  1.26203047  2.56889063  1.56516351  1.38248081]
[ 1.29662038  1.53351     1.19365606  1.74024585  1.54891563  2.78615205
  1.26140458  2.57098129  1.56633145  1.38217041]
[ 1.29560263  1.53391092  1.19407931  1.7383944   1.54709912  2.78839418
  1.26086622  2.57334058  1.56733615  1.38189826]
[ 1.29480238  1.53413546  1.1944336   1.73680612  1.54560602  2.79026395
  1.26049613  2.57550675  1.56817055  1.38159857]
[ 1.29430697  1.5332241   1.19433903  1.73707401  1.54567128  2.79049814
  1.26076954  2.57600515  1.5673786   1.38110074]
[ 1.29440959  1.53158852  1.19396365  1.73833712  1.54661873  2.78906848
  1.26180597  2.57487329  1.56578802  1.38073111]
[ 1.29488963  1.5299425   1.19353772  1.73962041  1.54772307  2.78703207
  1.26312965  2.57315125  1.56414131  1.38050457]
[ 1.29524567  1.528587    1.19315128  1.74052795  1.54857834  2.78514817
  1.26432914  2.57104347  1.56252477  1.38055076]
[ 1.29561476  1.52860998  1.19316244  1.74056051  1.5482092   2.78375925
  1.26542604  2.56845772  1.56269763  1.38130734]
[ 1.29545724  1.52943564  1.19345286  1.73887683  1.54657298  2.7839013
  1.26562257  2.56766837  1.56381784  1.38203494]
[ 1.29474842  1.53054016  1.19387232  1.73686883  1.54457989  2.78538972
  1.26532737  2.5679083   1.56506888  1.38268507]
[ 1.2940263   1.53152113  1.19430601  1.73493132  1.54268077  2.78721556
  1.26507123  2.56896965  1.56615347  1.38320503]
[ 1.29348246  1.5320987   1.19463689  1.73314861  1.54118116  2.78873735
  1.26494831  2.57100643  1.5670139   1.38345648]
[ 1.29320805  1.53130046  1.19447476  1.73318497  1.54129254  2.78873719
  1.26543104  2.57253766  1.5661888   1.38328441]
[ 1.29349703  1.5296377   1.19402333  1.73405415  1.54224676  2.78722903
  1.26661197  2.57308815  1.56458654  1.38303968]
[ 1.29411448  1.5278974   1.19352711  1.7348053   1.54330294  2.78523771
  1.26799165  2.57324596  1.56295699  1.3827728 ]
[ 1.29454343  1.52641915  1.19308339  1.7351897   1.54406168  2.78345371
  1.26917795  2.57288666  1.56136389  1.38265551]
[ 1.29493064  1.52635325  1.193057    1.73467018  1.54352675  2.78216669
  1.27023015  2.57175872  1.56155455  1.38315258]
[ 1.2947566   1.5271475   1.19332455  1.73249035  1.5417028   2.78236758
  1.27034747  2.57225284  1.56266125  1.3835839 ]
[ 1.29402439  1.52831693  1.19373176  1.73010132  1.53951742  2.78383399
  1.2699714   2.57338672  1.56388575  1.383956  ]
[ 1.29325879  1.52952328  1.19416742  1.72800197  1.53738253  2.78554057
  1.26961834  2.57421446  1.56490443  1.38428001]
[ 1.29264369  1.53056416  1.19452046  1.72635201  1.53555759  2.78685511
  1.26938899  2.57429792  1.56559895  1.38450726]
[ 1.29229439  1.53033291  1.19437025  1.72679491  1.53529027  2.78659579
  1.26978788  2.57270672  1.56450735  1.38446249]
[ 1.29252323  1.52921811  1.19393015  1.72813843  1.53586317  2.78486096
  1.27089654  2.57009381  1.5626526   1.38434746]
[ 1.29305781  1.52780218  1.19344516  1.72924569  1.53662901  2.78272808
  1.27211877  2.56821533  1.56087509  1.38395718]
[ 1.29332193  1.52629381  1.19301264  1.72994088  1.53723607  2.78088231
  1.27301708  2.5672089   1.55926359  1.38331769]
[ 1.29343351  1.52586103  1.19298958  1.72949331  1.53666201  2.7796086
  1.27363986  2.56644669  1.55943398  1.38294286]
[ 1.29291277  1.52604488  1.19323536  1.72734337  1.53490567  2.77978289
  1.27327117  2.56772103  1.56042642  1.38238061]
[ 1.29182352  1.52649252  1.19360522  1.72498519  1.53282957  2.78119409
  1.27242999  2.56980587  1.56149271  1.38178836]
[ 1.2907321   1.526981    1.19400336  1.72287701  1.5307998   2.78285671
  1.27166202  2.57159141  1.56238844  1.38126567]
[ 1.28983399  1.52739289  1.19434056  1.72121829  1.52905064  2.78416942
  1.27106229  2.5724983   1.56306562  1.38078846]
[ 1.28923554  1.52670318  1.19419043  1.72182688  1.52882073  2.78390954
  1.27114624  2.57131477  1.56197748  1.38021086]
[ 1.28925293  1.52529094  1.19374445  1.7236246   1.52945082  2.78208894
  1.27204047  2.56839663  1.5600647   1.37979031]
[ 1.28965237  1.52381444  1.19324309  1.72540939  1.53025486  2.77973706
  1.27320933  2.56522462  1.5581445   1.37944227]
[ 1.28990131  1.52247337  1.19278134  1.72678417  1.53089426  2.77758403
  1.27420693  2.56226699  1.55633662  1.37918878]
[ 1.29009912  1.5223401   1.19273819  1.72688962  1.53038442  2.77598148
  1.27504817  2.55921365  1.55643301  1.37947133]
[ 1.28973424  1.52287949  1.1929852   1.72505534  1.52868857  2.77586314
  1.27491772  2.55824313  1.55752478  1.37964882]
[ 1.28880145  1.52361821  1.1933636   1.72288451  1.52668589  2.7770409
  1.27428242  2.55844497  1.55875702  1.37976167]
[ 1.28785258  1.52418739  1.19375357  1.72080269  1.52479505  2.77855227
  1.27369219  2.55950786  1.55983024  1.37979166]
[ 1.28708839  1.52438393  1.19404343  1.71893684  1.52328033  2.77979504
  1.27325348  2.56139532  1.56069201  1.37963844]
[ 1.28661004  1.52329069  1.19381623  1.71929148  1.52333228  2.77955011
  1.2734651   2.56262293  1.55977357  1.37916849]
[ 1.28672692  1.5214033   1.19328629  1.7207514   1.52422469  2.77782811
  1.27444247  2.56270019  1.55802708  1.37872387]
[ 1.28721027  1.51950547  1.19270683  1.7221735   1.5252396   2.7756007
  1.27567042  2.56226587  1.55625068  1.37835107]
[ 1.28756891  1.51791492  1.19217679  1.72317401  1.52603137  2.77355955
  1.27674689  2.56127652  1.55452964  1.37822234]
[ 1.28792827  1.51775205  1.19208773  1.72288126  1.52562712  2.77203789
  1.27774347  2.55929748  1.55475679  1.37880524]
[ 1.28778803  1.51851115  1.19232716  1.72059805  1.5239869   2.77198508
  1.27779731  2.55882898  1.55609135  1.37940363]
[ 1.28711375  1.51968176  1.192727    1.71798384  1.5220011   2.77319609
  1.27735024  2.55899791  1.55764332  1.38000774]
[ 1.28639606  1.52086196  1.19316284  1.7155891   1.52004689  2.77468706
  1.27691632  2.55901524  1.55902697  1.38056565]
[ 1.28580193  1.52181188  1.1935092   1.7135965   1.5183569   2.77585181
  1.27660556  2.5586211   1.56008264  1.38097767]
[ 1.28545593  1.52146024  1.19331663  1.71395945  1.51816223  2.77551773
  1.27693464  2.55704959  1.55921701  1.38108203]
[ 1.28568608  1.52021103  1.19281825  1.71533404  1.51876183  2.77379086
  1.27799167  2.55471881  1.55752255  1.38108568]
[ 1.28623447  1.51871511  1.19227206  1.71646772  1.51950719  2.77166265
  1.27917214  2.55309305  1.5558776   1.38083635]
[ 1.28654946  1.51718481  1.19178028  1.71715355  1.52009118  2.76978287
  1.28002656  2.55223742  1.5543796   1.38038004]
[ 1.28671426  1.51672699  1.19171388  1.71637338  1.51952359  2.76846862
  1.28059158  2.55141046  1.5547092   1.38016167]
[ 1.28626044  1.51690245  1.19192682  1.71373961  1.51783293  2.7685402
  1.28010556  2.55261879  1.55586293  1.3797213 ]
[ 1.28523028  1.51734673  1.1922615   1.71094928  1.5158782   2.76978715
  1.27911222  2.5546488   1.55703698  1.37922033]
[ 1.2841622   1.5177977   1.19261371  1.70850657  1.51399813  2.77127156
  1.27816267  2.55637716  1.55795273  1.37873231]
[ 1.28324775  1.51814106  1.19288888  1.70659059  1.51237955  2.77243359
  1.27737302  2.55724747  1.55855124  1.37824379]
[ 1.28261684  1.51737965  1.19264203  1.70724283  1.51223476  2.77209292
  1.27728598  2.55616455  1.55726043  1.37766641]
[ 1.28259928  1.51590406  1.19209219  1.70921485  1.51290484  2.77027863
  1.27803245  2.55329098  1.55512257  1.37724272]
