[ 0.31010493 -0.16188085 -0.13642709  0.16946162  0.04943787 -0.03235714
  0.05501203 -0.04350308  0.03323502 -0.00117278]
[ 0.32804139 -0.1425973  -0.15585176  0.14996709  0.02949666 -0.0132418
  0.03524214 -0.06310496  0.05263032  0.0186787 ]
[ 0.3456896  -0.1236899  -0.17464353  0.130398    0.00962496  0.00591962
  0.01591829 -0.08202606  0.07183147  0.03836626]
[ 0.36299185 -0.10553376 -0.19186366  0.1109723  -0.01001064  0.02538026
 -0.00220018 -0.09987803  0.09127622  0.05793561]
[ 0.38004568 -0.08800744 -0.20649111  0.09183108 -0.02939487  0.04462332
 -0.01858359 -0.11703471  0.1108285   0.07747917]
[ 0.39689453 -0.07092951 -0.21845448  0.07290935 -0.04869     0.06395475
 -0.03248696 -0.13394805  0.13047891  0.09707763]
[ 0.41352318 -0.05429362 -0.22825668  0.05408263 -0.06797194  0.08350205
 -0.04351533 -0.15087385  0.15006724  0.11669957]
[ 0.42988003 -0.03815581 -0.23657921  0.03516208 -0.08726634  0.10317545
 -0.05219344 -0.16795442  0.168856    0.136244  ]
[ 0.44575182 -0.02300609 -0.24428399  0.01616239 -0.10647172  0.12237592
 -0.05959742 -0.1850422   0.18509087  0.15547889]
[ 0.46086075 -0.00948393 -0.25139043 -0.00262727 -0.12530628  0.14046581
 -0.06652424 -0.20190523  0.19774316  0.17407345]
[ 0.47488721  0.0017937  -0.25768187 -0.02052438 -0.14328743  0.15709273
 -0.07326432 -0.21817293  0.2072875   0.19162667]
[ 0.4877175   0.0104837  -0.26299005 -0.03649372 -0.15995515  0.17228705
 -0.0794249  -0.23342648  0.21539905  0.20792256]
[ 0.4994944   0.01647932 -0.26734568 -0.04917702 -0.17486711  0.18637612
 -0.08342123 -0.24713131  0.2247533   0.22295771]
[ 0.51056447  0.02017922 -0.27109051 -0.05830639 -0.18792936  0.19972562
 -0.08458134 -0.25938869  0.23641578  0.23691151]
[ 0.52118457  0.02202631 -0.2746943  -0.06446092 -0.19947209  0.21247879
 -0.08325904 -0.27065375  0.24986145  0.25011778]
[ 0.53140383  0.02249372 -0.27849156 -0.068461   -0.2098907   0.22456564
 -0.08074686 -0.28147123  0.26402177  0.26276722]
[ 0.54108465  0.02207875 -0.28254367 -0.07136775 -0.21964226  0.23582536
 -0.07978444 -0.2923635   0.27632288  0.27491044]
[ 0.54994142  0.02108775 -0.28667111 -0.07419493 -0.22913144  0.24604202
 -0.08295152 -0.30338762  0.28248802  0.28646461]
[ 0.55781553  0.01966219 -0.2902748  -0.07741031 -0.23853164  0.25540563
 -0.0895328  -0.31442654  0.28254304  0.29735793]
[ 0.56464411  0.01768223 -0.29317711 -0.08076346 -0.24771937  0.26428961
 -0.09720177 -0.32511726  0.27907635  0.3075569 ]
[ 0.57061463  0.01466446 -0.2958832  -0.0833228  -0.25637708  0.27278165
 -0.10163683 -0.33467219  0.27622041  0.31710571]
[ 0.57604573  0.01007042 -0.29978261 -0.08377349 -0.26410924  0.28047208
 -0.09863298 -0.34203481  0.27864009  0.32602685]
[ 0.58126514  0.00382694 -0.30653142 -0.08168159 -0.27077025  0.28667801
 -0.09022941 -0.34704855  0.28592632  0.33435631]
[ 0.58646455 -0.00381444 -0.31663251 -0.07743802 -0.27659456  0.29097999
 -0.0787314  -0.35019552  0.29615859  0.34222319]
[ 0.59163967 -0.01222295 -0.32897596 -0.07185886 -0.28194236  0.29337139
 -0.06656077 -0.35242883  0.30700985  0.34970105]
[ 0.5965982  -0.02053792 -0.34196196 -0.06610795 -0.28719801  0.2942219
 -0.05740247 -0.35478753  0.31521033  0.35679641]
[ 0.601091   -0.02822357 -0.35409088 -0.06113268 -0.29254656  0.29419087
 -0.0528588  -0.35770283  0.31911342  0.363519  ]
[ 0.60508488 -0.03543105 -0.36486686 -0.05684632 -0.29784303  0.29411229
 -0.05024415 -0.36093298  0.32101812  0.36995169]
[ 0.60861654 -0.04268562 -0.37474712 -0.05246098 -0.30272084  0.29481534
 -0.04575898 -0.36388576  0.32409238  0.37623201]
[ 0.61175927 -0.05045479 -0.38450198 -0.0473151  -0.30701643  0.29636642
 -0.03762243 -0.36596846  0.33002979  0.38236821]
[ 0.61461791 -0.05899305 -0.39490141 -0.0411123  -0.31081588  0.29805916
 -0.0262211  -0.36680616  0.33852008  0.38822697]
[ 0.61733775 -0.06810123 -0.40612424 -0.03430756 -0.31440263  0.2988909
 -0.01417153 -0.36673047  0.34778927  0.39365043]
[ 0.62002128 -0.07743124 -0.41817447 -0.02761081 -0.31808485  0.29810299
 -0.00558381 -0.36619966  0.35524693  0.39859959]
[ 0.62272128 -0.08676812 -0.43108602 -0.02147514 -0.32195794  0.29553653
 -0.00267703 -0.36549502  0.35951689  0.40314307]
[ 0.6254978  -0.0959486  -0.4446658  -0.01593212 -0.32587661  0.29165963
 -0.00480599 -0.36488375  0.36095139  0.40753901]
[ 0.62835474 -0.10481581 -0.45831791 -0.01056505 -0.32950565  0.28726957
 -0.00970662 -0.3644353   0.36086352  0.41210991]
[ 0.63129117 -0.113209   -0.47090543 -0.00477745 -0.33258974  0.28316218
 -0.01430757 -0.36428249  0.36112587  0.41701367]
[ 0.63414086 -0.12086482 -0.48096134  0.00180363 -0.3348656   0.28017399
 -0.01623256 -0.36469299  0.3627956   0.42226084]
[ 0.63675064 -0.12770965 -0.48820065  0.00910369 -0.33638007  0.27846181
 -0.01501327 -0.365669    0.36602707  0.42766106]
[ 0.63905675 -0.13400268 -0.49325579  0.01680462 -0.33744755  0.27746993
 -0.01154669 -0.36687495  0.37020161  0.43289155]
[ 0.6410996  -0.13999773 -0.49702008  0.02396545 -0.33854313  0.27630569
 -0.00971129 -0.3681542   0.37358601  0.43763641]
[ 0.64304731 -0.14618448 -0.5010281   0.0298789  -0.34005834  0.27401704
 -0.01297841 -0.36899972  0.37467132  0.44178038]
[ 0.64503301 -0.15289686 -0.50651115  0.03425777 -0.34215474  0.27012458
 -0.02162041 -0.36909699  0.37293765  0.44539043]
[ 0.64716584 -0.16019479 -0.51373039  0.03726967 -0.34472155  0.26477224
 -0.03426717 -0.36847598  0.36874414  0.44872858]
[ 0.64948567 -0.1681222  -0.52255508  0.0397665  -0.34739268  0.2584564
 -0.04813326 -0.36707107  0.36376298  0.45213824]
[ 0.65203367 -0.17635937 -0.53212182  0.04290638 -0.34979897  0.25202628
 -0.05818267 -0.36533465  0.36065507  0.45584929]
[ 0.65455416 -0.18417151 -0.54098755  0.04733766 -0.35144886  0.24664679
 -0.06112973 -0.36407314  0.36069983  0.45997132]
[ 0.65682799 -0.19121682 -0.54843333  0.05297018 -0.3522571   0.24272395
 -0.05776328 -0.36354928  0.36376135  0.46432395]
[ 0.65875134 -0.19737923 -0.55403522  0.05917268 -0.35250307  0.23990356
 -0.0508137  -0.36365471  0.36849086  0.46859237]
[ 0.66032435 -0.20274838 -0.55786562  0.06439876 -0.35275766  0.23738697
 -0.04552336 -0.36413365  0.37213792  0.47239474]
[ 0.66181884 -0.20824816 -0.56131536  0.06781701 -0.35358444  0.23397908
 -0.04559189 -0.36398345  0.37307577  0.47551681]
[ 0.66347968 -0.21450837 -0.56563113  0.06920822 -0.35524501  0.22906642
 -0.05125274 -0.36266086  0.37096785  0.4780618 ]
[ 0.66546082 -0.22174774 -0.57115667  0.06906118 -0.35757604  0.22266055
 -0.06120273 -0.36018437  0.36629967  0.48031995]
[ 0.66778817 -0.23008486 -0.57785057  0.06842355 -0.36011726  0.21513959
 -0.07320803 -0.35664838  0.36044719  0.48265897]
[ 0.67040078 -0.23889295 -0.58483012  0.06846437 -0.3624048   0.2072464
 -0.08442511 -0.35280086  0.35532215  0.485314  ]
[ 0.67284482 -0.24688943 -0.59048062  0.06972811 -0.36385351  0.2002825
 -0.09276221 -0.34985676  0.35190914  0.48841542]
[ 0.67484051 -0.25369281 -0.59459396  0.072049   -0.36443344  0.19476776
 -0.09736656 -0.34802049  0.35051296  0.49174295]
[ 0.67633515 -0.25943178 -0.59744866  0.07501411 -0.36448316  0.19055669
 -0.09858843 -0.34704842  0.35089645  0.49502182]
[ 0.67744441 -0.26412866 -0.5992168   0.07707367 -0.36460608  0.18712139
 -0.09992798 -0.34665155  0.35105772  0.4979259 ]
[ 0.67850989 -0.26871163 -0.6008775   0.07715536 -0.36552657  0.18332807
 -0.1045606  -0.34578664  0.34949002  0.50014767]
[ 0.67981724 -0.27368915 -0.60328213  0.07483277 -0.36764014  0.17857381
 -0.11336502 -0.34396541  0.34554879  0.50178421]
[ 0.68147779 -0.27911859 -0.6064174   0.07049455 -0.3707887   0.17278585
 -0.12569656 -0.34134549  0.3393438   0.50308942]
[ 0.68344242 -0.2851872  -0.61029924  0.06507754 -0.37455949  0.16617174
 -0.13967579 -0.33796013  0.33194274  0.50435828]
[ 0.68557561 -0.29196418 -0.61463565  0.06031855 -0.37828064  0.15930289
 -0.15249496 -0.33418459  0.32547601  0.50586387]
[ 0.68729835 -0.29822747 -0.61815909  0.05721863 -0.38106382  0.15344834
 -0.16204602 -0.33124348  0.32114367  0.50781538]
[ 0.6882739  -0.30366472 -0.62071573  0.05577682 -0.38273733  0.14898402
 -0.16790233 -0.32921921  0.31917718  0.50998891]
[ 0.68841173 -0.30840427 -0.62240963  0.05564525 -0.3836373   0.14571411
 -0.17086158 -0.32786639  0.31925031  0.51215468]
[ 0.68809018 -0.31231491 -0.62320317  0.05530622 -0.3844295   0.14311437
 -0.17376661 -0.3270094   0.31931714  0.5140609 ]
[ 0.68796253 -0.3165656  -0.6241532   0.05395964 -0.38590599  0.13992422
 -0.17891085 -0.3255362   0.31804776  0.51551382]
[ 0.68845845 -0.32185482 -0.6261797   0.05136819 -0.38842631  0.13562031
 -0.18680927 -0.32292595  0.31499815  0.51676462]
[ 0.6897217  -0.32821752 -0.62910636  0.04792961 -0.39168297  0.13017909
 -0.19706943 -0.31937238  0.31026238  0.51801791]
[ 0.69146328 -0.33532827 -0.63258211  0.04402798 -0.39524706  0.12390817
 -0.2087319  -0.31511393  0.30446662  0.51938997]
[ 0.69329165 -0.34283079 -0.63611909  0.04068794 -0.39863443  0.11745392
 -0.2200919  -0.31058029  0.2991705   0.52098855]
[ 0.69456691 -0.34941121 -0.63865444  0.03854133 -0.40114517  0.11218697
 -0.22917418 -0.30712792  0.29547079  0.52296458]
[ 0.69483442 -0.35500633 -0.64052845  0.03757546 -0.40280215  0.10845153
 -0.23495218 -0.30469661  0.29390331  0.52508797]
[ 0.69397366 -0.36017555 -0.64223625  0.03783452 -0.40399322  0.10603527
 -0.23751848 -0.30283203  0.29469032  0.52719152]
[ 0.69281293 -0.36469032 -0.64368994  0.03762975 -0.4052511   0.10447638
 -0.2394158  -0.30140162  0.29570066  0.5290894 ]
[ 0.69214817 -0.36911534 -0.64526902  0.0355069  -0.40748759  0.10281327
 -0.24327504 -0.29962774  0.29529478  0.53052002]
[ 0.69235874 -0.37390939 -0.64750743  0.03087576 -0.41119736  0.10072218
 -0.24993915 -0.29718236  0.29279067  0.5317137 ]
[ 0.69361658 -0.3790999  -0.65009144  0.02427241 -0.41596636  0.09808197
 -0.25900007 -0.29430269  0.2882163   0.53284953]
[ 0.69570869 -0.38457327 -0.65278761  0.0167308  -0.42106082  0.09475496
 -0.26961264 -0.29095731  0.28212576  0.53400048]
[ 0.69842434 -0.39024097 -0.65519251  0.01014839 -0.42553515  0.09080821
 -0.28045227 -0.28716545  0.27589092  0.53528801]
[ 0.70126466 -0.39492869 -0.65622076  0.00545088 -0.42846748  0.0872789
 -0.28988641 -0.2842188   0.27041779  0.53688207]
[ 0.70334492 -0.39860236 -0.65637203  0.00255405 -0.43002699  0.08454489
 -0.29690112 -0.28205515  0.26640547  0.53854625]
[ 0.70387761 -0.4019182  -0.65649948  0.00183868 -0.43093952  0.08258423
 -0.30089046 -0.28012821  0.26503648  0.54019369]
[ 0.70347286 -0.40515773 -0.65696087  0.00215798 -0.43183334  0.08102664
 -0.30330894 -0.2781347   0.26502535  0.5417271 ]
[ 0.70299041 -0.40909692 -0.65819104  0.00218048 -0.4335948   0.07899084
 -0.30657207 -0.2751978   0.26478502  0.54287059]
[ 0.70290615 -0.41420409 -0.66056321  0.00118253 -0.43667266  0.07630009
 -0.31163274 -0.27113669  0.26346776  0.54391345]
[ 0.7035772  -0.42009433 -0.66345769 -0.00101516 -0.44061175  0.07297215
 -0.31836722 -0.26649596  0.26062476  0.54495754]
[ 0.70465579 -0.42603145 -0.66648957 -0.00433004 -0.44503175  0.0691753
 -0.32598026 -0.26165166  0.25670159  0.54593294]
[ 0.70575384 -0.43185463 -0.6694678  -0.00704929 -0.44916355  0.06514952
 -0.33314877 -0.25671549  0.2532334   0.54697253]
[ 0.70661236 -0.43650108 -0.67131942 -0.00834672 -0.45200124  0.06186149
 -0.3384725  -0.25302468  0.25083391  0.54831729]
[ 0.7067614  -0.44003908 -0.6723036  -0.00832881 -0.45357307  0.05943551
 -0.34164099 -0.25039145  0.24965837  0.5497125 ]
[ 0.70591795 -0.44286957 -0.67279046 -0.00700769 -0.45448773  0.05770408
 -0.34326057 -0.24825043  0.24983136  0.55100707]
[ 0.7050239  -0.44504945 -0.67281373 -0.00608043 -0.4553225   0.05618814
 -0.34504928 -0.24624502  0.24948738  0.55201054]
[ 0.70482529 -0.44729135 -0.67279798 -0.00684272 -0.45696576  0.05411819
 -0.34883514 -0.243467    0.2474693   0.5523662 ]
[ 0.70539891 -0.45039381 -0.67358104 -0.00952573 -0.45998343  0.05150795
 -0.35488389 -0.23957716  0.24369869  0.55249779]
[ 0.70693087 -0.45414979 -0.67477394 -0.01398934 -0.46391548  0.0485122
 -0.36239059 -0.23522462  0.23830482  0.55261102]
[ 0.70869114 -0.45782214 -0.67609348 -0.01991009 -0.46853642  0.04550141
 -0.3702542  -0.23098163  0.23229744  0.55263857]
[ 0.7099476  -0.46140939 -0.677631   -0.02502312 -0.47312085  0.04269848
 -0.3770392  -0.22696585  0.22770951  0.55279366]
[ 0.71052736 -0.46397099 -0.67840716 -0.02842575 -0.47652151  0.0408841
 -0.38132553 -0.22444577  0.2250305   0.55334762]
[ 0.71023455 -0.46560496 -0.67854531 -0.03026771 -0.47863357  0.03998052
 -0.38312826 -0.22309394  0.22402848  0.55399418]
[ 0.70927563 -0.46660485 -0.67816647 -0.03077691 -0.47999591  0.03970573
 -0.38358187 -0.2222595   0.22421694  0.5545356 ]
[ 0.70886534 -0.46685652 -0.67709561 -0.03197012 -0.48114246  0.03948209
 -0.38446688 -0.22158174  0.22333999  0.55470659]
[ 0.70962201 -0.46688428 -0.67566971 -0.03488202 -0.48287837  0.03847799
 -0.38747246 -0.22011995  0.220393    0.55407536]
[ 0.71120214 -0.46772768 -0.67501434 -0.03877074 -0.48572133  0.03660607
 -0.39264338 -0.2173626   0.2158552   0.55321996]
[ 0.71350798 -0.46937982 -0.67488466 -0.04327104 -0.48910674  0.03399602
 -0.39892551 -0.21392299  0.2101794   0.5523738 ]
[ 0.715732   -0.47108471 -0.67496332 -0.0484131  -0.49296709  0.03127949
 -0.40524472 -0.21054744  0.20445524  0.55145976]
[ 0.7170257  -0.47287753 -0.67544689 -0.05210071 -0.4968582   0.0288706
 -0.41032889 -0.20744946  0.20082368  0.5507435 ]
[ 0.7172581  -0.47396338 -0.6754957  -0.05376924 -0.49971016  0.02753477
 -0.41273377 -0.20585868  0.19961862  0.55054441]
[ 0.71653166 -0.47441223 -0.67512765 -0.05405862 -0.5014331   0.02714468
 -0.41275982 -0.20541427  0.20007511  0.5505035 ]
[ 0.71545291 -0.47443331 -0.67428797 -0.05369294 -0.50252549  0.02736707
 -0.41184817 -0.20542164  0.20113013  0.55036623]
[ 0.71530453 -0.47388905 -0.67273515 -0.05507532 -0.50345146  0.02762059
 -0.41163378 -0.20554557  0.20044989  0.5498006 ]
[ 0.71662979 -0.47309684 -0.67063204 -0.05934162 -0.50493883  0.02723866
 -0.41368829 -0.2049172   0.19712387  0.54829207]
[ 0.71882178 -0.47324696 -0.66926209 -0.06498271 -0.5075272   0.02613563
 -0.41790901 -0.20301539  0.19201638  0.54660546]
[ 0.72150191 -0.47444515 -0.6685085  -0.0710129  -0.51055069  0.02431873
 -0.42302016 -0.20037708  0.18602463  0.54501025]
[ 0.72404215 -0.47590922 -0.66799195 -0.07737411 -0.51383672  0.02229375
 -0.42811462 -0.19768584  0.17997217  0.54335671]
[ 0.72572633 -0.47752589 -0.66786173 -0.08190276 -0.51700982  0.02037502
 -0.43222325 -0.19514165  0.17573378  0.54190435]
[ 0.72618358 -0.47863432 -0.66747846 -0.08367672 -0.51902183  0.01920994
 -0.43373848 -0.19391412  0.17411437  0.54103439]
[ 0.72541646 -0.4792928  -0.66693153 -0.08328521 -0.51990823  0.01874874
 -0.43293059 -0.19362303  0.17455202  0.54037189]
[ 0.72392404 -0.47977804 -0.66623377 -0.08117235 -0.52024896  0.01874376
 -0.43115743 -0.19353984  0.17619138  0.53976627]
[ 0.72291947 -0.4800753  -0.6651204  -0.07993079 -0.52047135  0.01867715
 -0.4298799  -0.19341191  0.17672107  0.53889326]
[ 0.72326366 -0.48017377 -0.66343442 -0.08155563 -0.52124148  0.01797479
 -0.43080631 -0.19245716  0.17470877  0.53701379]
[ 0.72444912 -0.48117435 -0.66243796 -0.08430052 -0.52306618  0.0164836
 -0.43387439 -0.19024909  0.17095837  0.53503591]
[ 0.72608233 -0.4831691  -0.6620377  -0.08719855 -0.52519405  0.01410844
 -0.4377904  -0.18726574  0.16637512  0.53314689]
[ 0.72785773 -0.48540688 -0.66178943 -0.0907128  -0.52729575  0.01132041
 -0.44177706 -0.18413013  0.16133828  0.53107898]
[ 0.72924842 -0.48767073 -0.66174304 -0.09324196 -0.52908989  0.00855735
 -0.44508568 -0.18112259  0.15727676  0.52909865]
[ 0.7297222  -0.48940387 -0.66135059 -0.0936673  -0.52966644  0.00652784
 -0.44596604 -0.17948292  0.1553594   0.52767807]
[ 0.72896861 -0.49067819 -0.66087415 -0.09197399 -0.52928167  0.00530724
 -0.44453181 -0.17885386  0.15562312  0.52653775]
[ 0.72716838 -0.49188193 -0.66057439 -0.08765197 -0.52867164  0.00468459
 -0.44197881 -0.17839885  0.15787739  0.52574145]
[ 0.72556874 -0.49321882 -0.66024448 -0.08385977 -0.52814758  0.00418336
 -0.43962282 -0.17785012  0.15973503  0.52495646]
[ 0.72536417 -0.49439445 -0.6593142  -0.08412923 -0.52827025  0.00346466
 -0.4393255  -0.17656242  0.15900889  0.52307508]
[ 0.72622466 -0.49637531 -0.65889592 -0.0869017  -0.52956846  0.00229922
 -0.44121981 -0.17414134  0.15616899  0.52102369]
[  7.27646877e-01  -4.99197285e-01  -6.58923857e-01  -9.07201171e-02
  -5.31224242e-01   3.60399469e-04  -4.44035083e-01  -1.71002778e-01
   1.52188776e-01   5.18939318e-01]
[ 0.72926956 -0.50214054 -0.65899761 -0.09538757 -0.53276831 -0.00213781
 -0.44705441 -0.16764657  0.14751361  0.5164938 ]
[ 0.73061598 -0.50498737 -0.65918055 -0.09902285 -0.53382567 -0.00490885
 -0.44965041 -0.16431227  0.14346817  0.5139959 ]
[ 0.73114969 -0.50725512 -0.65889362 -0.1005137  -0.53340957 -0.0072455
 -0.45003832 -0.1623134   0.14126012  0.51198199]
[ 0.73046373 -0.50895732 -0.6584275  -0.09955994 -0.53187832 -0.00893807
 -0.44824145 -0.16133746  0.14120443  0.51017989]
[ 0.72851791 -0.5104577  -0.65819423 -0.09454739 -0.53018028 -0.01011796
 -0.44537271 -0.16050139  0.14367274  0.50885462]
[ 0.72644163 -0.5120617  -0.65807296 -0.08858966 -0.52868016 -0.01128837
 -0.44268586 -0.15948585  0.14637338  0.50773073]
[ 0.72559868 -0.51340524 -0.65733945 -0.08633835 -0.52791803 -0.01275405
 -0.4420857  -0.157634    0.14664973  0.50537533]
[ 0.72588462 -0.51539965 -0.65699547 -0.08672752 -0.52843544 -0.01473031
 -0.44379573 -0.15461122  0.14461356  0.5027524 ]
[ 0.72679975 -0.51814189 -0.65701633 -0.08866508 -0.52939983 -0.01743995
 -0.44645002 -0.15088582  0.14125062  0.49999648]
[ 0.72791683 -0.5209574  -0.65703245 -0.09200385 -0.5304167  -0.02051015
 -0.44924583 -0.14704819  0.13714636  0.49678009]
[ 0.72876092 -0.52363536 -0.65714758 -0.09470152 -0.53116122 -0.02360156
 -0.45160052 -0.14340103  0.13363829  0.4935346 ]
[ 0.72880912 -0.52577549 -0.65683194 -0.09564979 -0.53053988 -0.02606722
 -0.4517031  -0.14126616  0.13192279  0.49091452]
[ 0.72779096 -0.52735047 -0.65625926 -0.09496478 -0.52883521 -0.02775927
 -0.44968321 -0.1403148   0.13200164  0.48850416]
[ 0.72587957 -0.52859758 -0.65569735 -0.09162236 -0.52699417 -0.02886242
 -0.44682425 -0.13962649  0.13378313  0.48641874]
[ 0.72401735 -0.52988637 -0.65517402 -0.0879744  -0.52540593 -0.02990346
 -0.44421359 -0.13881052  0.1355276   0.48447591]
[ 0.72339828 -0.53086153 -0.654038   -0.08811443 -0.52460799 -0.03113214
 -0.44360078 -0.13719245  0.13501079  0.48117237]
[ 0.72387744 -0.53246385 -0.6533093  -0.0903709  -0.52512749 -0.03287992
 -0.4452312  -0.13441344  0.13239137  0.47769843]
[ 0.72486362 -0.53484576 -0.65303102 -0.09333488 -0.52605195 -0.0354444
 -0.4476878  -0.1309176   0.12880591  0.47423001]
[ 0.72582599 -0.53732409 -0.65285396 -0.09660966 -0.52702471 -0.03842934
 -0.45013244 -0.12732915  0.12499989  0.47036856]
[ 0.72634569 -0.53961308 -0.65285804 -0.09826682 -0.52776624 -0.04146888
 -0.45205023 -0.12395795  0.12220226  0.46653189]
[ 0.72573275 -0.54145219 -0.65273022 -0.09687858 -0.52709727 -0.04395319
 -0.45155718 -0.12205534  0.12189926  0.46364547]
[ 0.72408167 -0.54278383 -0.65236945 -0.0941462  -0.52525552 -0.04567623
 -0.44899276 -0.12131998  0.12326399  0.46096229]
[ 0.72193486 -0.54377433 -0.65176595 -0.09075288 -0.52316923 -0.0468013
 -0.44587579 -0.1208805   0.12527966  0.4583574 ]
[ 0.72014062 -0.5447798  -0.65097302 -0.08876213 -0.52133539 -0.04782474
 -0.44323203 -0.12035622  0.12647776  0.45562733]
[ 0.71972538 -0.54543936 -0.64945125 -0.09130526 -0.5203627  -0.04894678
 -0.44264424 -0.11904313  0.1252128   0.45123332]
[ 0.72040538 -0.5467437  -0.64834409 -0.09572076 -0.52076664 -0.05057344
 -0.44427314 -0.11655793  0.12194607  0.4467946 ]
[ 0.72147993 -0.54891422 -0.64779931 -0.10004627 -0.52155878 -0.05305032
 -0.44660218 -0.113302    0.11808598  0.44260717]
[ 0.72232706 -0.55126032 -0.64748497 -0.10356364 -0.52239408 -0.05596048
 -0.44876091 -0.10993665  0.11452054  0.43816726]
[ 0.7225678  -0.5533835  -0.64742814 -0.10440823 -0.52304854 -0.05891502
 -0.45031547 -0.1068052   0.11235279  0.43383225]
[ 0.7213703  -0.5551061  -0.64753738 -0.10082828 -0.52226069 -0.06137874
 -0.44930624 -0.10511612  0.11333813  0.43086072]
[ 0.71908952 -0.55638222 -0.64751616 -0.09592715 -0.52028967 -0.0630993
 -0.44626429 -0.10454031  0.11599985  0.4281516 ]
[ 0.71651737 -0.55738885 -0.64714632 -0.09175441 -0.51805254 -0.06424456
 -0.44287833 -0.10422004  0.11864835  0.42538427]
[ 0.71451842 -0.55849712 -0.64644843 -0.09047262 -0.51608402 -0.06526431
 -0.44012332 -0.10380123  0.1198942   0.42224865]
[ 0.7141011  -0.5592688  -0.64486103 -0.09473015 -0.51505382 -0.06626128
 -0.43949608 -0.10260362  0.1183589   0.41701861]
[ 0.7148712  -0.56066201 -0.64362265 -0.10111792 -0.51546543 -0.06770955
 -0.44109983 -0.10026967  0.11473122  0.41181689]
[ 0.71599871 -0.56291187 -0.64298823 -0.10695142 -0.51623761 -0.0700567
 -0.4433499  -0.0971518   0.11069841  0.40710196]
[ 0.71688242 -0.56536862 -0.6426473  -0.1115147  -0.51689979 -0.07294067
 -0.44536246 -0.09389571  0.10707792  0.40229298]
[ 0.71713711 -0.56756115 -0.64258555 -0.11296796 -0.51725316 -0.07594863
 -0.44674319 -0.09086842  0.10491329  0.39768042]
[ 0.71571259 -0.56932156 -0.64291908 -0.10862903 -0.51601505 -0.07856337
 -0.44537553 -0.08929474  0.10648786  0.39486798]
[ 0.7130206  -0.57058524 -0.64329642 -0.10194359 -0.51359291 -0.08045176
 -0.44186115 -0.08879514  0.11021242  0.39250056]
[ 0.70991471 -0.57160178 -0.6434405  -0.09547827 -0.51096852 -0.08179831
 -0.43798903 -0.08846923  0.11413568  0.39026112]
[ 0.70740271 -0.57283354 -0.64327181 -0.09223188 -0.50866357 -0.08300847
 -0.4347692  -0.08798697  0.11658737  0.38759907]
[ 0.70670234 -0.57377773 -0.64201274 -0.09566143 -0.50740647 -0.08403723
 -0.43375883 -0.08671779  0.11586198  0.38223661]
[ 0.70743036 -0.57530424 -0.6409061  -0.10242882 -0.5077362  -0.08536366
 -0.43509565 -0.08435472  0.11259887  0.37662999]
[ 0.70868836 -0.57761173 -0.64025215 -0.10968423 -0.50851856 -0.08750304
 -0.43717923 -0.08126158  0.10855873  0.37132155]
[ 0.70987693 -0.58013708 -0.63980543 -0.11667737 -0.50915925 -0.09019254
 -0.43913359 -0.07803756  0.10448992  0.36588923]
[ 0.71062389 -0.58242461 -0.63955226 -0.12175232 -0.50939751 -0.09307416
 -0.44058573 -0.0750397   0.1013115   0.36068663]
[ 0.70957632 -0.58424983 -0.63980084 -0.12047337 -0.50784508 -0.09565489
 -0.43920373 -0.07355102  0.10205344  0.35768282]
[ 0.7070022  -0.58543278 -0.64026365 -0.11503761 -0.50504093 -0.09754872
 -0.43548129 -0.07313685  0.10566523  0.35545107]
[ 0.70364884 -0.58627488 -0.6407608  -0.10738413 -0.5020603  -0.09898047
 -0.4311912  -0.07279532  0.1104348   0.35406313]
[ 0.70061616 -0.58732771 -0.64114915 -0.10118133 -0.49942269 -0.10037815
 -0.42744785 -0.0722101   0.11437146  0.35270596]
[ 0.69940887 -0.5881017  -0.64036519 -0.10142635 -0.49794158 -0.10163348
 -0.42599517 -0.07073937  0.11510346  0.34822324]
[ 0.69979109 -0.58942103 -0.63955504 -0.10572845 -0.49818741 -0.10319496
 -0.42707355 -0.06811654  0.11289035  0.34307439]
[ 0.70093256 -0.59146573 -0.63897978 -0.111859   -0.49902833 -0.1055052
 -0.4290784  -0.0647671   0.10932756  0.33768876]
[ 0.70222842 -0.59374948 -0.63843039 -0.11923451 -0.49987085 -0.10825528
 -0.43112797 -0.06132782  0.10512059  0.33186537]
[ 0.70332332 -0.59588548 -0.63791961 -0.12649311 -0.50040612 -0.11109108
 -0.43286094 -0.05819412  0.10107647  0.32618258]
[ 0.70276201 -0.59765393 -0.63781398 -0.12898773 -0.49910721 -0.1135255
 -0.43186279 -0.05674784  0.10033791  0.32285645]
[ 0.70067756 -0.59877549 -0.63787934 -0.12766679 -0.49651611 -0.11518987
 -0.42850149 -0.05649172  0.10234975  0.32024125]
[ 0.69751984 -0.59943306 -0.63816123 -0.12208463 -0.49372008 -0.11645062
 -0.42438878 -0.05625516  0.10633258  0.31898236]
[ 0.69438241 -0.60022762 -0.63861274 -0.11557156 -0.49120051 -0.11778714
 -0.42057422 -0.05568638  0.11044165  0.3185114 ]
[ 0.69290598 -0.60071217 -0.63802647 -0.11391837 -0.48988395 -0.11904479
 -0.41892267 -0.0541362   0.11194266  0.31514655]
[ 0.69297496 -0.60176656 -0.63745475 -0.115846   -0.49032969 -0.120693
 -0.41978424 -0.05136042  0.11060966  0.31123313]
[ 0.69381361 -0.60355366 -0.63710341 -0.11964071 -0.49141215 -0.12310782
 -0.42155763 -0.0478391   0.10791044  0.30697704]
[ 0.69482184 -0.60556704 -0.63673    -0.12491604 -0.49257078 -0.1258994
 -0.42336405 -0.044279    0.10449271  0.30212388]
[ 0.69569449 -0.60745024 -0.63633894 -0.13056954 -0.49345335 -0.12869779
 -0.42486604 -0.04110463  0.10105592  0.29735402]
[ 0.69503737 -0.60903684 -0.63622481 -0.13262471 -0.49242024 -0.13098131
 -0.42369686 -0.03981001  0.10044828  0.29497869]
[ 0.69302157 -0.61006937 -0.63608571 -0.13254492 -0.49001514 -0.13236526
 -0.42026426 -0.03985129  0.10194421  0.29287137]
[ 0.69018785 -0.61067785 -0.63590073 -0.13016684 -0.48738194 -0.13327227
 -0.41622554 -0.03999828  0.10463861  0.29111903]
[ 0.68741152 -0.61135838 -0.63583826 -0.12680023 -0.48499212 -0.13428296
 -0.41249313 -0.03979616  0.10747107  0.289801  ]
[ 0.6862151  -0.61167624 -0.63482324 -0.12719883 -0.48384152 -0.13529571
 -0.41087189 -0.03850875  0.10809959  0.28566951]
[ 0.68637233 -0.61258495 -0.63403167 -0.12972683 -0.48443719 -0.13688938
 -0.41167881 -0.03586156  0.10639199  0.28160345]
[ 0.68709186 -0.61428662 -0.63368286 -0.13281702 -0.4856042  -0.13940052
 -0.41324941 -0.03238216  0.10383978  0.27781681]
[ 0.68767889 -0.61621389 -0.63350545 -0.13590652 -0.48683328 -0.14231636
 -0.41465133 -0.02887701  0.10124341  0.273809  ]
[ 0.68786126 -0.61795079 -0.63345839 -0.13799166 -0.48781728 -0.14519213
 -0.41556573 -0.02579783  0.0993011   0.27004692]
[ 0.68632472 -0.61931027 -0.63384432 -0.13546357 -0.48683293 -0.14749579
 -0.41366816 -0.02471754  0.10071579  0.26904298]
[ 0.68347517 -0.62015969 -0.63414972 -0.13150858 -0.4844601  -0.14879735
 -0.40956353 -0.02505868  0.10394674  0.26815621]
[ 0.68015241 -0.62072194 -0.63413006 -0.12793947 -0.48187348 -0.14952854
 -0.40511078 -0.02557723  0.10724507  0.26692876]
[ 0.67730246 -0.62138494 -0.63383796 -0.12620835 -0.47960126 -0.15025648
 -0.40130013 -0.02584935  0.10944675  0.26500752]
[ 0.6763719  -0.62165503 -0.63227817 -0.13003141 -0.47866977 -0.15089386
 -0.39984418 -0.02508984  0.10869476  0.25920063]
[ 0.67697099 -0.62243698 -0.6308168  -0.136387   -0.47958398 -0.15215019
 -0.4009968  -0.02295212  0.10539176  0.25315881]
[ 0.67809471 -0.62396862 -0.62986362 -0.14265132 -0.48101042 -0.15446777
 -0.40292709 -0.01994047  0.10148431  0.24770409]
[ 0.67883034 -0.62570801 -0.62927195 -0.14736591 -0.4823377  -0.15731445
 -0.40457131 -0.0168737   0.09821894  0.24255383]
[ 0.67882898 -0.627214   -0.62901366 -0.1492453  -0.48329102 -0.16018059
 -0.40556591 -0.01420022  0.09647682  0.23805965]
[ 0.67683684 -0.62829267 -0.62948189 -0.14508021 -0.48215009 -0.16251728
 -0.40356551 -0.01353782  0.09883073  0.23690393]
[ 0.67342351 -0.62886978 -0.63003802 -0.13903192 -0.47965739 -0.16383561
 -0.399313   -0.01425742  0.1032138   0.23612831]
[ 0.66956622 -0.62925141 -0.6303313  -0.13369088 -0.47703106 -0.16459816
 -0.39476835 -0.01506992  0.10748831  0.23515965]
[ 0.66633541 -0.6298905  -0.6303187  -0.13103842 -0.47478395 -0.16532158
 -0.39094325 -0.01559456  0.11028457  0.23334966]
[ 0.66527459 -0.63026305 -0.62885745 -0.1349598  -0.4739896  -0.16576622
 -0.38954122 -0.01508814  0.10970541  0.22704724]
[ 0.66595722 -0.63117049 -0.62736418 -0.14209668 -0.47517398 -0.16666981
 -0.39080514 -0.0132414   0.10635501  0.22035654]
[ 0.66729744 -0.63279515 -0.62629061 -0.14962719 -0.47690821 -0.16855955
 -0.39287853 -0.01059011  0.10227411  0.21424562]
[ 0.66847126 -0.6346727  -0.62552683 -0.15665328 -0.47847031 -0.170983
 -0.39470194 -0.00791465  0.09839701  0.20867019]
[ 0.66913313 -0.63638872 -0.62504837 -0.16217417 -0.47953402 -0.17350238
 -0.39592209 -0.00559366  0.09542922  0.20402004]
[ 0.66774843 -0.63768448 -0.62543679 -0.16165725 -0.47826535 -0.17560014
 -0.39407472 -0.00528906  0.09655985  0.2031395 ]
[ 0.6647184  -0.63835253 -0.6260945  -0.1579291  -0.47552544 -0.17673689
 -0.38983198 -0.00632442  0.10033875  0.20306681]
[ 0.66085434 -0.63869115 -0.6268401  -0.15231142 -0.47261128 -0.17742308
 -0.38507933 -0.00730731  0.10518525  0.20410634]
[ 0.65726503 -0.63924398 -0.62765946 -0.14698005 -0.47005477 -0.17819281
 -0.38083406 -0.00790003  0.10960798  0.2056244 ]
[ 0.65570156 -0.63955902 -0.62715018 -0.14708907 -0.46904151 -0.17877599
 -0.37896521 -0.00729709  0.11106922  0.20297041]
[ 0.65593397 -0.64045125 -0.62654268 -0.15055621 -0.47009465 -0.1799028
 -0.37984849 -0.00517368  0.10958937  0.1996558 ]
[ 0.65698899 -0.64204804 -0.62614802 -0.15533981 -0.47182329 -0.18205283
 -0.38170832 -0.00210333  0.10688671  0.19605884]
[ 0.65811297 -0.64389674 -0.62580008 -0.16101644 -0.47353011 -0.18471747
 -0.38353584  0.00109856  0.10366881  0.19207376]
[ 0.65901079 -0.64565452 -0.62549366 -0.16688939 -0.47485184 -0.18743926
 -0.38497425  0.00400861  0.10050787  0.18840542]
[ 0.65805674 -0.64708392 -0.62580045 -0.16849156 -0.47385637 -0.18960172
 -0.38351701  0.0047228   0.10054109  0.18815968]
[ 0.65553768 -0.64794518 -0.62616691 -0.16812253 -0.47132197 -0.19065406
 -0.37969023  0.00390763  0.10264272  0.18819013]
[ 0.65219098 -0.64842165 -0.62648009 -0.16616466 -0.46855948 -0.19120162
 -0.3753272   0.00306815  0.10568625  0.18863294]
[ 0.64896778 -0.64897402 -0.62694935 -0.1632319  -0.4660716  -0.19189534
 -0.37135725  0.00267466  0.10884317  0.18973491]
[ 0.64756437 -0.64923161 -0.62628976 -0.16402504 -0.46512677 -0.19255282
 -0.3696555   0.00368023  0.10970271  0.18728714]
[ 0.64770213 -0.65011477 -0.62582216 -0.16661123 -0.46620828 -0.19399115
 -0.37059412  0.00645263  0.1081706   0.18504905]
[ 0.64842979 -0.65178453 -0.62580865 -0.16937995 -0.46794546 -0.19660666
 -0.3723802   0.0103256   0.10584088  0.18315433]
[ 0.64893299 -0.65370175 -0.62599459 -0.17191683 -0.46971192 -0.19975277
 -0.37399718  0.0143345   0.10350912  0.18104233]
[ 0.64896535 -0.65546446 -0.62631906 -0.17358978 -0.47114206 -0.20289938
 -0.37509415  0.01799002  0.10182128  0.17916547]
[ 0.64702309 -0.65678083 -0.6272572  -0.17041664 -0.4701865  -0.20538366
 -0.37319411  0.01924784  0.10371355  0.18075057]
[ 0.64351712 -0.65749941 -0.62811554 -0.16575766 -0.46758787 -0.20660658
 -0.36889376  0.01876617  0.10751594  0.18232495]
[ 0.639449   -0.65788562 -0.62857355 -0.16158164 -0.46468752 -0.20717966
 -0.36417395  0.01807103  0.1113516   0.18323243]
[ 0.63591711 -0.65828783 -0.62864133 -0.15909583 -0.46210267 -0.20774831
 -0.36012154  0.01757417  0.114036    0.1829275 ]
[ 0.63465605 -0.65828927 -0.6270905  -0.16251393 -0.46114471 -0.20811909
 -0.35856171  0.01827783  0.11350254  0.17723684]
[ 0.6353301  -0.65876826 -0.62540904 -0.16890766 -0.46239819 -0.20919093
 -0.35990351  0.02065478  0.11007046  0.17065479]
[ 0.63673163 -0.65995555 -0.62411605 -0.17560068 -0.46435553 -0.21143228
 -0.36217407  0.02404004  0.10582658  0.16433514]
[ 0.63776569 -0.66138205 -0.6231688  -0.18120331 -0.466333   -0.21415961
 -0.36420231  0.02745521  0.1020642   0.15839737]
[ 0.63800873 -0.66265433 -0.62260624 -0.18445445 -0.46798211 -0.21681804
 -0.36557198  0.03042069  0.09976222  0.15341346]
[ 0.63595944 -0.66347587 -0.62303092 -0.18149189 -0.46722555 -0.21884286
 -0.3637951   0.03096258  0.10178586  0.15271101]
[ 0.63217296 -0.66374129 -0.62364767 -0.17634925 -0.46495419 -0.21964571
 -0.35960376  0.02986182  0.10601812  0.15255971]
[ 0.62775181 -0.66377367 -0.62407574 -0.17136289 -0.46250907 -0.21990252
 -0.35502739  0.02871923  0.11036251  0.15232565]
[ 0.62389041 -0.66399021 -0.62427627 -0.16800652 -0.46043563 -0.22022974
 -0.35113416  0.02786483  0.11353505  0.15139115]
[ 0.62244391 -0.66395102 -0.62281261 -0.17083836 -0.46005161 -0.22023948
 -0.34973904  0.0281661   0.11334489  0.14512043]
[ 0.62306464 -0.66443318 -0.62118308 -0.17681843 -0.46189276 -0.2208413
 -0.35120491  0.02996957  0.11025483  0.13828303]
[ 0.62453554 -0.66559382 -0.61988752 -0.18335965 -0.46434713 -0.22255851
 -0.35356552  0.03259215  0.10633152  0.1319118 ]
[ 0.62587596 -0.66702259 -0.61888145 -0.18969942 -0.46664089 -0.2247489
 -0.35566242  0.0351325   0.10249832  0.12625925]
[ 0.62673225 -0.66837758 -0.61817047 -0.19519952 -0.46844948 -0.22688974
 -0.35712017  0.0372059   0.09932961  0.12189266]
[ 0.62539912 -0.66937067 -0.61849643 -0.1954423  -0.46770154 -0.22845211
 -0.35544568  0.03685525  0.09992398  0.12208612]
[ 0.62226468 -0.66980827 -0.61907339 -0.19348032 -0.46538382 -0.22881324
 -0.35133948  0.03492913  0.10272781  0.1229257 ]
[ 0.61823651 -0.66995159 -0.61972247 -0.1901871  -0.46289504 -0.22870776
 -0.34674534  0.03311359  0.10640775  0.12470581]
[ 0.61445387 -0.67027363 -0.62059795 -0.18634667 -0.46074749 -0.22877296
 -0.34262292  0.03176535  0.11004136  0.12753631]
[ 0.61281749 -0.67039045 -0.62015543 -0.18688129 -0.46033159 -0.22858327
 -0.34085344  0.03177199  0.11114021  0.1264218 ]
[ 0.61307231 -0.67114398 -0.61978116 -0.18962282 -0.46210005 -0.22908441
 -0.34181712  0.03346808  0.10971809  0.12556508]
[ 0.61410662 -0.67263337 -0.61978614 -0.19272849 -0.46448645 -0.23079324
 -0.34365124  0.03616536  0.10750258  0.12504459]
[ 0.61500894 -0.67437516 -0.61996849 -0.19590366 -0.46673824 -0.2330506
 -0.34528652  0.03895175  0.10520456  0.12445522]
[ 0.61550335 -0.67600505 -0.62026436 -0.19874219 -0.46850008 -0.23533596
 -0.34639106  0.04144232  0.1033175   0.12421423]
[ 0.61388452 -0.67721858 -0.621324   -0.19698997 -0.4676228  -0.23700175
 -0.3444497   0.04142673  0.10485018  0.1278365 ]
[ 0.6104903  -0.6778329  -0.62235063 -0.19380185 -0.46497352 -0.23734503
 -0.34002726  0.03964815  0.10825227  0.13135836]
[ 0.60636683 -0.67809874 -0.62304472 -0.19068446 -0.46200419 -0.23710486
 -0.33512881  0.03781611  0.1118881   0.1342381 ]
[ 0.60267928 -0.67839351 -0.6235292  -0.18823922 -0.45933856 -0.23697056
 -0.33080194  0.03633341  0.11486619  0.13633285]
[ 0.60133251 -0.67836779 -0.62239356 -0.19094296 -0.4584312  -0.23665347
 -0.32895514  0.03636691  0.11492957  0.13292984]
[ 0.60203367 -0.67890968 -0.62119197 -0.19609628 -0.45985393 -0.23719596
 -0.33007008  0.03841492  0.11224283  0.12885938]
[ 0.60348639 -0.68020475 -0.62042518 -0.20130635 -0.46202334 -0.23910621
 -0.33215943  0.04171548  0.10879083  0.12503657]
[ 0.60449059 -0.68176105 -0.62001899 -0.20542685 -0.46421132 -0.24163665
 -0.33405566  0.04521631  0.10579602  0.12138747]
[ 0.60467287 -0.68318596 -0.61996821 -0.20760082 -0.46603761 -0.2442143
 -0.33536369  0.04841778  0.10409337  0.11839635]
[ 0.60244112 -0.68412133 -0.62093335 -0.20395639 -0.46525887 -0.24615547
 -0.33350843  0.04899904  0.10656074  0.11978748]
[ 0.59828297 -0.68444121 -0.62201214 -0.19839879 -0.46277887 -0.2467259
 -0.32912457  0.04774206  0.11115254  0.12150816]
[ 0.59341248 -0.68446545 -0.62277437 -0.19320897 -0.46002196 -0.24670091
 -0.3242971   0.04642281  0.11577693  0.12275039]
[ 0.58915192 -0.68456759 -0.62316799 -0.18963648 -0.45761089 -0.24676142
 -0.32015823  0.04536379  0.11917622  0.12280588]
[ 0.58753724 -0.68436813 -0.62164213 -0.19240735 -0.45698836 -0.24657638
 -0.31860074  0.04571071  0.11908508  0.11648457]
[ 0.58831423 -0.68465095 -0.61977508 -0.19854637 -0.45877129 -0.24720172
 -0.3201497   0.04791638  0.11588158  0.108813  ]
[ 0.59010316 -0.68558933 -0.61815826 -0.20536242 -0.46126762 -0.24915766
 -0.32275172  0.05117417  0.11171912  0.10107926]
[ 0.5917259  -0.68679523 -0.61682318 -0.21191585 -0.46371942 -0.2516439
 -0.32515987  0.0544412   0.10762029  0.09385978]
[ 0.59275841 -0.68795282 -0.61584107 -0.21745942 -0.46581341 -0.25404575
 -0.32694901  0.05723313  0.10423723  0.08800722]
[ 0.59136277 -0.68872168 -0.61607922 -0.21750875 -0.46533185 -0.25576251
 -0.32554204  0.05729194  0.10471716  0.08726636]
[ 0.5879009  -0.68893468 -0.61663874 -0.21533173 -0.46329649 -0.25610661
 -0.32162137  0.05556563  0.10742001  0.08734573]
[ 0.58346486 -0.6888789  -0.61724404 -0.21219636 -0.46112696 -0.25594904
 -0.31722536  0.05395241  0.11083258  0.08816054]
[ 0.57936174 -0.68899345 -0.61802748 -0.20877724 -0.45931678 -0.25598376
 -0.31335708  0.05278227  0.11403728  0.08979702]
[ 0.57761985 -0.68893222 -0.61735363 -0.20984565 -0.45933858 -0.25572729
 -0.31191638  0.05304289  0.11461064  0.08715531]
[ 0.57799541 -0.68950821 -0.61674198 -0.2129447  -0.46162577 -0.25623294
 -0.31330149  0.05501408  0.11269812  0.08501262]
[ 0.5792348  -0.69080758 -0.61657359 -0.21611127 -0.46448986 -0.25802641
 -0.31555037  0.05789361  0.11013886  0.08361668]
[ 0.58027619 -0.69237014 -0.61668544 -0.21901368 -0.46714884 -0.26034002
 -0.31752055  0.06072323  0.10767975  0.08270932]
[ 0.58082997 -0.69384429 -0.61699726 -0.22138971 -0.46927809 -0.26259401
 -0.31887717  0.06312727  0.10574748  0.08263117]
[ 0.57907835 -0.69488243 -0.61825126 -0.21902456 -0.46864929 -0.2641588
 -0.31709451  0.06276378  0.10731702  0.08696341]
[ 0.57533058 -0.69531722 -0.61951181 -0.21527    -0.46619745 -0.26426763
 -0.31274818  0.06050551  0.11073932  0.09125217]
